filename,time_s,peak_memory_mb
img_0.npy,1.30,24.18
img_1.npy,1.08,23.98
img_10.npy,0.68,23.89
img_100.npy,0.70,22.64
img_1000.npy,1.05,23.56
img_1001.npy,0.87,23.39
img_1002.npy,1.06,23.96
img_1003.npy,0.94,21.80
img_1004.npy,1.08,23.26
img_1005.npy,0.92,23.21
img_1006.npy,0.93,24.50
img_1007.npy,0.94,23.90
img_1008.npy,0.91,23.90
img_1009.npy,1.05,21.95
img_101.npy,1.15,23.46
img_1010.npy,1.02,22.10
img_1011.npy,0.97,22.17
img_1012.npy,0.88,21.72
img_1013.npy,0.93,22.97
img_1014.npy,0.89,23.20
img_1015.npy,1.22,23.63
img_1016.npy,0.73,21.25
img_1017.npy,0.92,23.74
img_1018.npy,1.02,22.84
img_1019.npy,1.25,24.00
img_102.npy,0.82,21.82
img_1020.npy,0.87,22.45
img_1021.npy,1.02,23.68
img_1022.npy,0.79,22.18
img_1023.npy,0.99,21.73
img_1024.npy,0.93,22.78
img_1025.npy,1.01,22.97
img_1026.npy,0.93,22.77
img_1027.npy,0.83,23.04
img_1028.npy,1.01,23.22
img_1029.npy,0.87,23.59
img_103.npy,0.92,23.99
img_1030.npy,0.85,23.00
img_1031.npy,1.01,23.26
img_1032.npy,0.85,22.11
img_1033.npy,0.77,23.88
img_1034.npy,0.88,22.78
img_1035.npy,0.82,23.56
img_1036.npy,1.06,23.05
img_1037.npy,0.64,22.37
img_1038.npy,0.81,22.82
img_1039.npy,1.07,21.52
img_104.npy,0.92,24.40
img_1040.npy,0.93,24.00
img_1041.npy,0.76,22.11
img_1042.npy,0.88,23.93
img_1043.npy,0.94,24.39
img_1044.npy,1.06,24.77
img_1045.npy,0.93,23.22
img_1046.npy,0.94,22.01
img_1047.npy,0.86,21.86
img_1048.npy,0.94,23.62
img_1049.npy,0.83,21.56
img_105.npy,0.96,22.59
img_1050.npy,0.87,22.54
img_1051.npy,0.89,25.02
img_1052.npy,0.85,22.46
img_1053.npy,1.02,23.76
img_1054.npy,0.90,22.68
img_1055.npy,0.96,22.77
img_1056.npy,1.13,22.73
img_1057.npy,1.03,23.08
img_1058.npy,1.00,22.15
img_1059.npy,0.86,24.33
img_106.npy,1.02,23.31
img_1060.npy,0.76,23.05
img_1061.npy,0.92,23.62
img_1062.npy,0.87,22.98
img_1063.npy,0.85,22.62
img_1064.npy,0.87,24.67
img_1065.npy,0.87,23.03
img_1066.npy,0.83,23.07
img_1067.npy,0.83,24.13
img_1068.npy,0.94,22.48
img_1069.npy,0.96,23.61
img_107.npy,0.84,24.55
img_1070.npy,0.77,23.53
img_1071.npy,0.84,23.37
img_1072.npy,0.87,23.61
img_1073.npy,0.94,24.02
img_1074.npy,0.78,23.25
img_1075.npy,0.78,24.01
img_1076.npy,0.87,23.08
img_1077.npy,0.97,23.28
img_1078.npy,0.88,23.69
img_1079.npy,0.91,22.61
img_108.npy,0.80,24.82
img_1080.npy,0.85,24.36
img_1081.npy,0.92,22.00
img_1082.npy,1.01,23.74
img_1083.npy,0.67,22.61
img_1084.npy,1.01,22.35
img_1085.npy,0.73,23.26
img_1086.npy,0.80,21.93
img_1087.npy,0.95,23.04
img_1088.npy,0.85,23.82
img_1089.npy,0.89,22.35
img_109.npy,0.94,23.88
img_1090.npy,0.79,25.20
img_1091.npy,0.90,22.10
img_1092.npy,0.90,23.77
img_1093.npy,0.92,23.25
img_1094.npy,0.88,23.30
img_1095.npy,0.81,22.00
img_1096.npy,1.01,22.84
img_1097.npy,0.87,24.30
img_1098.npy,0.75,24.77
img_1099.npy,0.65,21.79
img_11.npy,0.97,23.91
img_110.npy,0.74,21.88
img_1100.npy,0.74,23.77
img_1101.npy,0.91,23.55
img_1102.npy,0.71,22.88
img_1103.npy,0.86,22.39
img_1104.npy,0.98,23.14
img_1105.npy,1.06,23.62
img_1106.npy,0.98,22.95
img_1107.npy,0.81,23.30
img_1108.npy,0.78,23.78
img_1109.npy,0.92,22.93
img_111.npy,0.97,21.89
img_1110.npy,1.00,23.08
img_1111.npy,0.84,24.29
img_1112.npy,0.80,23.98
img_1113.npy,0.83,23.27
img_1114.npy,0.83,24.05
img_1115.npy,0.93,24.35
img_1116.npy,0.94,23.50
img_1117.npy,0.73,22.48
img_1118.npy,0.97,23.48
img_1119.npy,0.86,23.81
img_112.npy,0.88,23.41
img_1120.npy,0.84,23.43
img_1121.npy,0.99,22.17
img_1122.npy,0.83,25.72
img_1123.npy,0.77,22.85
img_1124.npy,0.72,22.16
img_1125.npy,1.11,21.70
img_1126.npy,0.89,23.22
img_1127.npy,0.97,23.05
img_1128.npy,0.84,22.79
img_1129.npy,0.76,22.70
img_113.npy,0.84,24.34
img_1130.npy,1.11,23.80
img_1131.npy,0.81,24.58
img_1132.npy,0.88,23.38
img_1133.npy,1.07,22.03
img_1134.npy,0.96,22.89
img_1135.npy,0.78,23.17
img_1136.npy,0.89,24.45
img_1137.npy,0.73,23.18
img_1138.npy,0.99,21.87
img_1139.npy,0.92,23.04
img_114.npy,0.95,23.16
img_1140.npy,0.93,22.28
img_1141.npy,0.92,23.64
img_1142.npy,0.95,22.65
img_1143.npy,1.03,23.59
img_1144.npy,0.87,23.95
img_1145.npy,0.93,24.13
img_1146.npy,0.80,21.87
img_1147.npy,0.87,23.83
img_1148.npy,0.99,22.64
img_1149.npy,0.77,23.15
img_115.npy,1.00,22.96
img_1150.npy,0.94,22.82
img_1151.npy,0.75,23.57
img_1152.npy,0.99,23.30
img_1153.npy,0.96,23.15
img_1154.npy,0.94,23.12
img_1155.npy,0.80,23.31
img_1156.npy,0.70,23.15
img_1157.npy,0.88,23.20
img_1158.npy,1.00,22.70
img_1159.npy,1.03,23.23
img_116.npy,0.72,21.88
img_1160.npy,0.84,22.22
img_1161.npy,0.94,22.59
img_1162.npy,0.81,22.07
img_1163.npy,0.90,22.77
img_1164.npy,0.78,22.77
img_1165.npy,0.87,23.22
img_1166.npy,0.91,23.59
img_1167.npy,0.76,23.29
img_1168.npy,0.91,25.01
img_1169.npy,0.79,22.05
img_117.npy,0.85,23.55
img_1170.npy,0.99,22.79
img_1171.npy,0.98,22.51
img_1172.npy,0.82,24.18
img_1173.npy,0.80,22.97
img_1174.npy,0.92,21.95
img_1175.npy,0.85,22.42
img_1176.npy,0.96,22.09
img_1177.npy,0.92,23.42
img_1178.npy,0.92,23.32
img_1179.npy,0.88,23.07
img_118.npy,0.88,23.36
img_1180.npy,0.99,23.45
img_1181.npy,0.90,22.80
img_1182.npy,0.95,22.19
img_1183.npy,0.90,21.63
img_1184.npy,0.88,23.81
img_1185.npy,1.09,24.32
img_1186.npy,0.78,22.76
img_1187.npy,0.94,23.47
img_1188.npy,0.85,22.74
img_1189.npy,0.87,23.82
img_119.npy,0.98,24.72
img_1190.npy,0.92,25.39
img_1191.npy,1.02,22.69
img_1192.npy,1.02,22.98
img_1193.npy,0.95,22.69
img_1194.npy,0.93,24.20
img_1195.npy,0.89,22.19
img_1196.npy,0.92,23.38
img_1197.npy,1.01,23.12
img_1198.npy,0.83,23.84
img_1199.npy,0.75,22.40
img_12.npy,1.05,23.22
img_120.npy,0.93,23.93
img_1200.npy,0.67,23.85
img_1201.npy,1.00,22.23
img_1202.npy,0.93,23.77
img_1203.npy,0.87,23.11
img_1204.npy,0.92,22.40
img_1205.npy,0.78,22.27
img_1206.npy,0.90,23.52
img_1207.npy,0.85,23.85
img_1208.npy,0.76,22.48
img_1209.npy,0.82,21.05
img_121.npy,0.77,24.27
img_1210.npy,0.90,22.57
img_1211.npy,0.87,23.05
img_1212.npy,0.82,22.41
img_1213.npy,0.93,24.27
img_1214.npy,0.86,23.60
img_1215.npy,0.78,23.11
img_1216.npy,0.96,24.61
img_1217.npy,0.79,21.73
img_1218.npy,0.79,21.87
img_1219.npy,0.87,22.71
img_122.npy,0.95,23.36
img_1220.npy,0.75,22.73
img_1221.npy,0.96,22.73
img_1222.npy,0.93,23.79
img_1223.npy,0.80,22.79
img_1224.npy,1.02,22.79
img_1225.npy,0.90,24.86
img_1226.npy,0.78,22.55
img_1227.npy,0.85,22.91
img_1228.npy,0.89,23.73
img_1229.npy,0.79,23.63
img_123.npy,1.07,22.11
img_1230.npy,0.81,22.69
img_1231.npy,0.69,23.28
img_1232.npy,0.99,22.84
img_1233.npy,0.83,22.98
img_1234.npy,0.81,21.94
img_1235.npy,0.80,24.00
img_1236.npy,1.04,23.28
img_1237.npy,0.84,23.50
img_1238.npy,0.99,24.10
img_1239.npy,0.80,22.32
img_124.npy,1.17,22.74
img_1240.npy,0.82,22.31
img_1241.npy,0.88,22.12
img_1242.npy,0.89,24.12
img_1243.npy,1.01,23.96
img_1244.npy,0.92,23.78
img_1245.npy,0.90,22.68
img_1246.npy,1.01,22.03
img_1247.npy,0.94,22.03
img_1248.npy,1.00,22.63
img_1249.npy,1.04,21.62
img_125.npy,0.85,23.19
img_1250.npy,1.05,23.03
img_1251.npy,0.94,22.34
img_1252.npy,0.96,23.40
img_1253.npy,0.80,24.00
img_1254.npy,1.14,22.93
img_1255.npy,0.88,23.48
img_1256.npy,0.88,23.52
img_1257.npy,0.70,24.63
img_1258.npy,0.71,22.71
img_1259.npy,0.97,22.44
img_126.npy,1.07,21.68
img_1260.npy,0.95,22.96
img_1261.npy,0.93,23.36
img_1262.npy,0.86,22.11
img_1263.npy,0.91,22.75
img_1264.npy,0.75,23.62
img_1265.npy,0.82,23.71
img_1266.npy,0.75,23.82
img_1267.npy,0.88,22.53
img_1268.npy,0.87,23.21
img_1269.npy,0.98,23.16
img_127.npy,1.04,23.43
img_1270.npy,0.89,22.98
img_1271.npy,0.79,24.43
img_1272.npy,1.02,22.71
img_1273.npy,1.18,23.48
img_1274.npy,0.86,24.41
img_1275.npy,0.85,23.06
img_1276.npy,0.86,22.52
img_1277.npy,0.77,23.68
img_1278.npy,0.90,24.18
img_1279.npy,0.74,22.75
img_128.npy,0.97,23.68
img_1280.npy,0.88,22.17
img_1281.npy,1.01,22.92
img_1282.npy,0.91,23.92
img_1283.npy,0.93,23.59
img_1284.npy,0.79,22.19
img_1285.npy,0.87,23.49
img_1286.npy,0.73,24.30
img_1287.npy,0.84,23.44
img_1288.npy,0.71,23.56
img_1289.npy,0.78,23.76
img_129.npy,1.06,24.23
img_1290.npy,1.11,24.59
img_1291.npy,0.81,24.09
img_1292.npy,0.86,22.90
img_1293.npy,0.99,21.14
img_1294.npy,1.04,23.09
img_1295.npy,0.86,22.38
img_1296.npy,0.79,24.00
img_1297.npy,0.97,22.15
img_1298.npy,0.89,21.98
img_1299.npy,0.91,23.47
img_13.npy,1.02,24.62
img_130.npy,0.87,23.07
img_1300.npy,0.86,22.31
img_1301.npy,1.00,22.32
img_1302.npy,1.04,23.15
img_1303.npy,0.89,23.41
img_1304.npy,0.83,22.04
img_1305.npy,0.72,23.25
img_1306.npy,1.03,21.91
img_1307.npy,0.98,22.18
img_1308.npy,0.83,21.92
img_1309.npy,0.93,23.58
img_131.npy,0.83,23.03
img_1310.npy,0.92,23.86
img_1311.npy,0.89,22.37
img_1312.npy,0.93,24.64
img_1313.npy,0.86,23.81
img_1314.npy,0.98,23.79
img_1315.npy,0.87,23.56
img_1316.npy,0.95,23.16
img_1317.npy,0.88,23.69
img_1318.npy,0.75,23.91
img_1319.npy,0.78,23.88
img_132.npy,0.79,22.79
img_1320.npy,1.06,24.05
img_1321.npy,0.74,23.17
img_1322.npy,0.77,24.19
img_1323.npy,0.81,23.38
img_1324.npy,1.09,24.84
img_1325.npy,0.90,23.93
img_1326.npy,0.88,22.79
img_1327.npy,0.66,24.22
img_1328.npy,0.97,24.31
img_1329.npy,0.96,24.35
img_133.npy,0.85,22.29
img_1330.npy,0.84,22.45
img_1331.npy,0.77,22.66
img_1332.npy,0.83,22.68
img_1333.npy,1.09,23.75
img_1334.npy,0.97,22.09
img_1335.npy,0.92,22.91
img_1336.npy,0.82,21.97
img_1337.npy,0.88,24.05
img_1338.npy,1.10,22.86
img_1339.npy,0.87,23.68
img_134.npy,0.65,23.48
img_1340.npy,0.97,23.56
img_1341.npy,0.86,23.62
img_1342.npy,0.95,22.70
img_1343.npy,0.92,22.71
img_1344.npy,0.84,22.40
img_1345.npy,1.10,23.79
img_1346.npy,0.93,23.49
img_1347.npy,0.79,22.40
img_1348.npy,0.79,23.00
img_1349.npy,0.81,22.88
img_135.npy,0.90,22.36
img_1350.npy,0.76,22.70
img_1351.npy,0.78,20.96
img_1352.npy,1.00,23.73
img_1353.npy,0.74,23.05
img_1354.npy,0.79,23.34
img_1355.npy,0.88,22.63
img_1356.npy,0.92,21.88
img_1357.npy,1.08,24.69
img_1358.npy,0.79,23.63
img_1359.npy,0.91,22.84
img_136.npy,0.89,23.47
img_1360.npy,0.83,23.04
img_1361.npy,0.71,23.19
img_1362.npy,0.78,22.07
img_1363.npy,0.82,23.54
img_1364.npy,0.95,23.62
img_1365.npy,0.82,23.00
img_1366.npy,1.01,23.46
img_1367.npy,0.87,23.70
img_1368.npy,0.77,22.71
img_1369.npy,0.87,24.00
img_137.npy,0.80,23.22
img_1370.npy,0.82,23.73
img_1371.npy,0.94,22.20
img_1372.npy,0.85,22.75
img_1373.npy,0.87,22.84
img_1374.npy,0.83,22.96
img_1375.npy,0.91,23.27
img_1376.npy,1.03,23.32
img_1377.npy,0.94,23.26
img_1378.npy,1.09,24.22
img_1379.npy,0.98,23.30
img_138.npy,0.80,22.65
img_1380.npy,0.75,21.41
img_1381.npy,0.96,23.74
img_1382.npy,1.08,24.82
img_1383.npy,0.91,23.63
img_1384.npy,0.75,24.07
img_1385.npy,0.93,23.07
img_1386.npy,1.05,23.51
img_1387.npy,1.04,23.38
img_1388.npy,1.02,23.30
img_1389.npy,0.82,24.04
img_139.npy,1.00,23.43
img_1390.npy,1.08,22.76
img_1391.npy,0.95,23.88
img_1392.npy,0.76,23.31
img_1393.npy,0.99,21.97
img_1394.npy,0.89,25.13
img_1395.npy,0.97,23.71
img_1396.npy,0.97,22.28
img_1397.npy,0.83,23.30
img_1398.npy,0.89,23.11
img_1399.npy,0.75,24.17
img_14.npy,0.94,23.11
img_140.npy,0.87,24.19
img_1400.npy,0.84,22.96
img_1401.npy,0.82,22.35
img_1402.npy,0.78,24.85
img_1403.npy,0.78,23.25
img_1404.npy,0.76,24.50
img_1405.npy,0.90,22.31
img_1406.npy,0.80,21.78
img_1407.npy,0.96,23.49
img_1408.npy,0.89,22.36
img_1409.npy,1.07,22.72
img_141.npy,0.87,23.39
img_1410.npy,0.96,22.41
img_1411.npy,0.77,23.50
img_1412.npy,1.04,22.98
img_1413.npy,0.85,22.90
img_1414.npy,0.69,23.09
img_1415.npy,0.85,23.98
img_1416.npy,0.92,23.24
img_1417.npy,0.95,23.21
img_1418.npy,0.97,22.62
img_1419.npy,0.91,21.13
img_142.npy,0.89,23.57
img_1420.npy,0.81,23.28
img_1421.npy,0.79,23.30
img_1422.npy,1.14,24.89
img_1423.npy,0.79,23.31
img_1424.npy,0.88,23.14
img_1425.npy,0.95,23.04
img_1426.npy,0.95,22.53
img_1427.npy,0.82,22.52
img_1428.npy,0.91,23.32
img_1429.npy,0.77,23.04
img_143.npy,0.93,23.76
img_1430.npy,0.96,22.71
img_1431.npy,0.96,22.52
img_1432.npy,0.76,23.13
img_1433.npy,0.83,23.28
img_1434.npy,0.88,23.51
img_1435.npy,1.00,23.34
img_1436.npy,0.80,24.25
img_1437.npy,0.80,23.42
img_1438.npy,1.03,20.88
img_1439.npy,1.22,23.93
img_144.npy,0.96,22.16
img_1440.npy,0.81,22.73
img_1441.npy,0.89,21.75
img_1442.npy,0.98,24.89
img_1443.npy,0.88,23.86
img_1444.npy,0.89,22.84
img_1445.npy,0.84,23.68
img_1446.npy,0.83,22.60
img_1447.npy,1.12,24.14
img_1448.npy,0.84,21.59
img_1449.npy,0.86,24.91
img_145.npy,0.78,22.36
img_1450.npy,0.88,23.37
img_1451.npy,0.73,23.25
img_1452.npy,0.95,23.85
img_1453.npy,0.91,22.99
img_1454.npy,0.74,22.70
img_1455.npy,0.91,24.97
img_1456.npy,0.86,24.00
img_1457.npy,0.72,22.93
img_1458.npy,0.97,23.24
img_1459.npy,0.75,24.25
img_146.npy,0.87,23.56
img_1460.npy,0.79,23.86
img_1461.npy,0.71,23.58
img_1462.npy,0.80,24.91
img_1463.npy,0.83,24.86
img_1464.npy,0.66,23.79
img_1465.npy,0.79,22.36
img_1466.npy,0.88,23.07
img_1467.npy,0.87,22.68
img_1468.npy,0.92,23.48
img_1469.npy,0.85,22.93
img_147.npy,0.96,23.23
img_1470.npy,0.90,23.98
img_1471.npy,0.84,23.12
img_1472.npy,0.82,24.06
img_1473.npy,0.80,23.82
img_1474.npy,0.90,23.05
img_1475.npy,0.94,22.62
img_1476.npy,0.73,23.66
img_1477.npy,0.70,22.86
img_1478.npy,0.86,23.39
img_1479.npy,0.80,23.86
img_148.npy,0.94,22.17
img_1480.npy,0.98,23.57
img_1481.npy,0.93,23.14
img_1482.npy,0.85,23.20
img_1483.npy,0.83,23.15
img_1484.npy,1.02,22.28
img_1485.npy,0.86,24.01
img_1486.npy,0.78,22.43
img_1487.npy,0.75,23.05
img_1488.npy,0.96,23.82
img_1489.npy,0.86,23.84
img_149.npy,0.83,22.03
img_1490.npy,0.92,23.58
img_1491.npy,0.74,22.33
img_1492.npy,1.02,22.31
img_1493.npy,0.87,22.96
img_1494.npy,0.79,24.82
img_1495.npy,0.89,22.39
img_1496.npy,0.89,24.41
img_1497.npy,0.86,23.56
img_1498.npy,0.81,22.75
img_1499.npy,0.81,22.72
img_15.npy,0.80,22.88
img_150.npy,0.96,22.36
img_1500.npy,0.62,21.96
img_1501.npy,1.00,24.82
img_1502.npy,0.78,23.27
img_1503.npy,0.80,23.91
img_1504.npy,0.82,23.63
img_1505.npy,0.88,23.41
img_1506.npy,0.88,22.48
img_1507.npy,0.77,23.68
img_1508.npy,0.85,22.16
img_1509.npy,0.89,23.50
img_151.npy,0.79,23.92
img_1510.npy,0.93,22.69
img_1511.npy,0.96,21.36
img_1512.npy,0.85,23.19
img_1513.npy,0.98,23.76
img_1514.npy,0.90,22.21
img_1515.npy,0.90,23.20
img_1516.npy,0.84,23.92
img_1517.npy,0.80,23.14
img_1518.npy,1.10,22.92
img_1519.npy,0.77,23.64
img_152.npy,0.91,22.77
img_1520.npy,0.73,22.66
img_1521.npy,0.83,23.62
img_1522.npy,0.84,23.18
img_1523.npy,0.93,24.38
img_1524.npy,0.90,22.49
img_1525.npy,1.01,22.32
img_1526.npy,0.76,24.07
img_1527.npy,1.00,23.24
img_1528.npy,0.87,23.23
img_1529.npy,0.92,21.97
img_153.npy,0.90,23.88
img_1530.npy,1.02,23.76
img_1531.npy,0.84,21.85
img_1532.npy,0.99,23.56
img_1533.npy,0.97,22.84
img_1534.npy,0.97,22.82
img_1535.npy,0.97,23.10
img_1536.npy,0.92,24.08
img_1537.npy,1.01,22.84
img_1538.npy,0.87,24.47
img_1539.npy,0.87,23.41
img_154.npy,0.97,23.77
img_1540.npy,0.93,21.20
img_1541.npy,0.86,22.18
img_1542.npy,0.73,23.81
img_1543.npy,0.83,22.36
img_1544.npy,1.04,23.32
img_1545.npy,1.04,22.24
img_1546.npy,0.97,24.01
img_1547.npy,0.85,23.11
img_1548.npy,0.84,22.98
img_1549.npy,0.93,21.60
img_155.npy,0.94,23.28
img_1550.npy,0.82,23.18
img_1551.npy,1.01,23.80
img_1552.npy,0.80,22.34
img_1553.npy,0.92,23.26
img_1554.npy,0.73,24.17
img_1555.npy,1.03,22.01
img_1556.npy,0.86,24.34
img_1557.npy,0.90,22.86
img_1558.npy,0.76,22.88
img_1559.npy,1.05,22.13
img_156.npy,0.92,23.44
img_1560.npy,0.91,22.95
img_1561.npy,0.92,22.10
img_1562.npy,0.96,22.50
img_1563.npy,0.85,22.95
img_1564.npy,0.78,22.74
img_1565.npy,0.90,23.39
img_1566.npy,0.89,24.13
img_1567.npy,0.89,23.41
img_1568.npy,0.97,22.71
img_1569.npy,1.04,23.57
img_157.npy,1.00,23.10
img_1570.npy,0.96,21.71
img_1571.npy,0.90,24.07
img_1572.npy,1.02,23.81
img_1573.npy,0.86,23.80
img_1574.npy,0.77,23.57
img_1575.npy,0.87,24.73
img_1576.npy,0.88,23.42
img_1577.npy,1.11,21.52
img_1578.npy,0.83,23.57
img_1579.npy,0.89,23.62
img_158.npy,0.76,23.30
img_1580.npy,0.93,24.39
img_1581.npy,0.88,23.77
img_1582.npy,0.66,22.23
img_1583.npy,0.91,22.79
img_1584.npy,0.88,22.82
img_1585.npy,1.00,23.98
img_1586.npy,0.85,24.31
img_1587.npy,0.78,23.01
img_1588.npy,0.83,24.00
img_1589.npy,0.89,23.47
img_159.npy,0.93,23.66
img_1590.npy,0.78,24.70
img_1591.npy,0.72,23.73
img_1592.npy,0.79,22.84
img_1593.npy,1.04,23.46
img_1594.npy,0.75,23.74
img_1595.npy,0.78,22.58
img_1596.npy,0.67,22.17
img_1597.npy,0.94,22.74
img_1598.npy,1.03,23.96
img_1599.npy,0.69,23.30
img_16.npy,0.96,22.09
img_160.npy,0.90,23.35
img_1600.npy,0.80,22.25
img_1601.npy,0.75,22.27
img_1602.npy,0.80,21.98
img_1603.npy,0.91,24.00
img_1604.npy,0.98,24.14
img_1605.npy,0.76,23.02
img_1606.npy,1.07,22.28
img_1607.npy,0.95,23.00
img_1608.npy,0.83,23.80
img_1609.npy,1.01,23.08
img_161.npy,0.94,23.29
img_1610.npy,0.92,23.35
img_1611.npy,0.75,25.02
img_1612.npy,0.90,22.22
img_1613.npy,0.69,24.13
img_1614.npy,0.98,23.22
img_1615.npy,0.73,22.98
img_1616.npy,1.04,25.00
img_1617.npy,0.72,24.17
img_1618.npy,0.81,24.06
img_1619.npy,0.99,24.08
img_162.npy,0.81,23.83
img_1620.npy,0.91,22.83
img_1621.npy,0.93,23.00
img_1622.npy,0.85,22.44
img_1623.npy,0.79,24.05
img_1624.npy,0.84,24.09
img_1625.npy,0.94,22.69
img_1626.npy,1.08,23.18
img_1627.npy,0.81,23.86
img_1628.npy,1.07,21.58
img_1629.npy,1.01,24.24
img_163.npy,1.05,22.99
img_1630.npy,0.88,23.01
img_1631.npy,0.88,21.98
img_1632.npy,0.77,22.95
img_1633.npy,1.07,24.92
img_1634.npy,0.70,23.06
img_1635.npy,0.83,22.91
img_1636.npy,0.72,21.81
img_1637.npy,0.99,21.01
img_1638.npy,0.94,22.36
img_1639.npy,0.83,24.10
img_164.npy,0.71,23.38
img_1640.npy,0.96,22.21
img_1641.npy,0.89,21.77
img_1642.npy,0.95,22.99
img_1643.npy,0.95,23.69
img_1644.npy,0.85,22.90
img_1645.npy,0.92,23.54
img_1646.npy,0.78,23.73
img_1647.npy,0.70,23.39
img_1648.npy,0.91,22.31
img_1649.npy,0.87,22.85
img_165.npy,0.92,23.92
img_1650.npy,0.87,23.14
img_1651.npy,0.81,22.11
img_1652.npy,0.78,22.27
img_1653.npy,0.95,23.00
img_1654.npy,0.88,23.65
img_1655.npy,0.86,22.66
img_1656.npy,0.95,22.97
img_1657.npy,0.76,22.89
img_1658.npy,0.94,23.84
img_1659.npy,0.76,22.66
img_166.npy,0.71,23.24
img_1660.npy,0.74,23.09
img_1661.npy,1.03,23.11
img_1662.npy,1.00,22.44
img_1663.npy,0.92,24.00
img_1664.npy,0.73,23.43
img_1665.npy,0.86,22.77
img_1666.npy,0.74,23.31
img_1667.npy,1.00,23.91
img_1668.npy,0.81,22.59
img_1669.npy,0.95,23.93
img_167.npy,0.97,21.93
img_1670.npy,0.89,23.63
img_1671.npy,0.87,22.75
img_1672.npy,0.81,22.31
img_1673.npy,0.92,24.66
img_1674.npy,1.05,22.74
img_1675.npy,0.96,22.92
img_1676.npy,0.97,23.43
img_1677.npy,0.79,24.66
img_1678.npy,0.81,22.26
img_1679.npy,0.80,21.59
img_168.npy,0.84,24.77
img_1680.npy,0.81,23.02
img_1681.npy,0.85,23.03
img_1682.npy,0.78,23.20
img_1683.npy,0.83,23.12
img_1684.npy,0.77,23.37
img_1685.npy,0.87,23.62
img_1686.npy,0.94,23.18
img_1687.npy,0.80,22.15
img_1688.npy,0.92,24.50
img_1689.npy,0.91,22.04
img_169.npy,0.97,22.13
img_1690.npy,0.94,22.89
img_1691.npy,0.89,22.11
img_1692.npy,1.00,22.83
img_1693.npy,1.03,23.42
img_1694.npy,0.95,23.41
img_1695.npy,0.75,24.01
img_1696.npy,0.93,21.69
img_1697.npy,0.78,23.21
img_1698.npy,0.80,24.86
img_1699.npy,0.93,22.94
img_17.npy,0.94,21.50
img_170.npy,0.98,23.23
img_1700.npy,0.99,23.05
img_1701.npy,0.89,22.14
img_1702.npy,0.75,22.11
img_1703.npy,0.94,22.69
img_1704.npy,1.06,24.06
img_1705.npy,0.85,21.74
img_1706.npy,0.80,23.27
img_1707.npy,0.83,22.30
img_1708.npy,0.67,24.52
img_1709.npy,0.70,24.24
img_171.npy,0.85,23.37
img_1710.npy,1.05,24.36
img_1711.npy,0.79,24.99
img_1712.npy,0.78,21.91
img_1713.npy,0.94,22.14
img_1714.npy,0.74,22.95
img_1715.npy,0.93,22.71
img_1716.npy,0.76,21.95
img_1717.npy,0.88,23.54
img_1718.npy,0.78,22.95
img_1719.npy,0.83,23.05
img_172.npy,0.88,24.66
img_1720.npy,0.75,23.29
img_1721.npy,0.89,23.49
img_1722.npy,0.92,22.70
img_1723.npy,0.93,22.70
img_1724.npy,0.94,23.92
img_1725.npy,0.88,23.08
img_1726.npy,0.99,24.07
img_1727.npy,0.91,22.67
img_1728.npy,0.97,23.20
img_1729.npy,0.83,23.39
img_173.npy,0.80,22.98
img_1730.npy,0.91,24.07
img_1731.npy,0.79,22.06
img_1732.npy,0.95,22.81
img_1733.npy,0.81,23.24
img_1734.npy,0.85,23.23
img_1735.npy,0.79,21.96
img_1736.npy,0.86,22.46
img_1737.npy,0.86,22.93
img_1738.npy,0.88,22.61
img_1739.npy,0.76,23.46
img_174.npy,0.80,23.11
img_1740.npy,0.86,22.72
img_1741.npy,0.86,24.20
img_1742.npy,0.84,21.84
img_1743.npy,0.75,23.22
img_1744.npy,0.82,23.17
img_1745.npy,0.72,22.70
img_1746.npy,0.86,23.16
img_1747.npy,0.74,22.12
img_1748.npy,1.09,23.66
img_1749.npy,0.90,23.15
img_175.npy,1.06,23.86
img_1750.npy,0.86,22.32
img_1751.npy,0.80,23.06
img_1752.npy,0.99,22.96
img_1753.npy,1.06,23.15
img_1754.npy,0.81,23.80
img_1755.npy,0.96,23.08
img_1756.npy,0.88,22.80
img_1757.npy,0.74,24.34
img_1758.npy,0.85,22.23
img_1759.npy,0.85,22.48
img_176.npy,0.98,23.40
img_1760.npy,0.95,22.64
img_1761.npy,0.86,23.70
img_1762.npy,0.99,23.15
img_1763.npy,0.68,22.24
img_1764.npy,0.76,23.93
img_1765.npy,0.82,22.89
img_1766.npy,0.82,21.90
img_1767.npy,0.85,23.01
img_1768.npy,0.84,22.82
img_1769.npy,0.85,23.84
img_177.npy,0.89,24.14
img_1770.npy,0.74,23.62
img_1771.npy,0.96,22.74
img_1772.npy,0.88,22.83
img_1773.npy,0.95,23.61
img_1774.npy,0.91,23.53
img_1775.npy,0.76,22.85
img_1776.npy,1.01,22.52
img_1777.npy,0.84,23.25
img_1778.npy,0.99,24.32
img_1779.npy,0.84,23.00
img_178.npy,0.95,24.23
img_1780.npy,0.72,22.24
img_1781.npy,0.87,24.61
img_1782.npy,0.99,22.93
img_1783.npy,0.74,21.68
img_1784.npy,0.87,22.95
img_1785.npy,0.99,24.02
img_1786.npy,0.77,23.27
img_1787.npy,0.93,21.93
img_1788.npy,1.09,23.74
img_1789.npy,0.75,23.50
img_179.npy,0.81,23.06
img_1790.npy,1.08,21.96
img_1791.npy,0.68,22.46
img_1792.npy,1.07,22.88
img_1793.npy,0.90,23.42
img_1794.npy,1.05,22.95
img_1795.npy,0.78,23.77
img_1796.npy,0.94,23.62
img_1797.npy,0.85,22.71
img_1798.npy,0.95,24.84
img_1799.npy,0.71,23.74
img_18.npy,0.74,23.02
img_180.npy,0.92,21.78
img_1800.npy,0.81,22.38
img_1801.npy,0.78,23.30
img_1802.npy,0.68,21.68
img_1803.npy,0.96,22.74
img_1804.npy,0.87,22.78
img_1805.npy,0.92,23.67
img_1806.npy,0.82,22.70
img_1807.npy,0.71,23.54
img_1808.npy,0.90,23.44
img_1809.npy,0.87,23.00
img_181.npy,0.89,23.28
img_1810.npy,0.82,23.61
img_1811.npy,0.86,24.00
img_1812.npy,0.96,24.90
img_1813.npy,0.93,23.70
img_1814.npy,0.81,22.82
img_1815.npy,0.96,22.76
img_1816.npy,0.99,23.21
img_1817.npy,0.71,21.99
img_1818.npy,0.93,23.23
img_1819.npy,0.74,23.80
img_182.npy,0.94,23.43
img_1820.npy,0.87,22.05
img_1821.npy,0.98,23.69
img_1822.npy,0.90,22.25
img_1823.npy,0.76,22.04
img_1824.npy,0.98,23.73
img_1825.npy,1.04,23.01
img_1826.npy,0.90,23.30
img_1827.npy,0.82,22.04
img_1828.npy,0.99,23.79
img_1829.npy,0.96,22.17
img_183.npy,0.88,22.37
img_1830.npy,0.91,22.45
img_1831.npy,0.81,22.71
img_1832.npy,0.68,23.19
img_1833.npy,1.06,24.15
img_1834.npy,1.00,23.18
img_1835.npy,0.87,24.22
img_1836.npy,0.70,22.55
img_1837.npy,1.02,23.90
img_1838.npy,1.01,22.34
img_1839.npy,0.93,23.97
img_184.npy,0.85,23.65
img_1840.npy,0.94,23.59
img_1841.npy,0.94,23.41
img_1842.npy,0.84,21.78
img_1843.npy,1.06,24.03
img_1844.npy,0.86,23.88
img_1845.npy,0.92,23.91
img_1846.npy,0.80,21.95
img_1847.npy,1.01,22.17
img_1848.npy,0.98,22.36
img_1849.npy,0.63,22.49
img_185.npy,0.96,22.55
img_1850.npy,0.82,24.24
img_1851.npy,0.84,23.57
img_1852.npy,0.82,22.27
img_1853.npy,0.93,23.86
img_1854.npy,0.94,22.89
img_1855.npy,0.92,23.60
img_1856.npy,0.98,23.56
img_1857.npy,0.80,23.30
img_1858.npy,1.05,23.49
img_1859.npy,0.79,21.61
img_186.npy,0.81,24.64
img_1860.npy,0.73,22.43
img_1861.npy,0.70,22.96
img_1862.npy,0.91,22.52
img_1863.npy,0.97,22.43
img_1864.npy,0.98,23.14
img_1865.npy,0.90,21.57
img_1866.npy,0.80,23.79
img_1867.npy,0.77,22.23
img_1868.npy,0.95,23.06
img_1869.npy,0.92,22.74
img_187.npy,0.91,22.11
img_1870.npy,0.84,22.13
img_1871.npy,0.93,24.19
img_1872.npy,0.84,23.21
img_1873.npy,0.88,23.29
img_1874.npy,1.04,24.08
img_1875.npy,0.95,22.64
img_1876.npy,0.81,23.21
img_1877.npy,0.87,22.09
img_1878.npy,0.86,22.25
img_1879.npy,0.81,23.58
img_188.npy,0.93,24.04
img_1880.npy,0.96,21.77
img_1881.npy,0.74,22.40
img_1882.npy,0.83,24.95
img_1883.npy,0.83,23.42
img_1884.npy,1.01,23.39
img_1885.npy,0.79,24.09
img_1886.npy,0.89,23.86
img_1887.npy,0.74,23.19
img_1888.npy,0.88,22.12
img_1889.npy,0.72,22.84
img_189.npy,0.89,21.34
img_1890.npy,1.02,22.36
img_1891.npy,0.86,22.65
img_1892.npy,0.77,23.88
img_1893.npy,0.73,21.86
img_1894.npy,0.86,23.48
img_1895.npy,1.01,24.20
img_1896.npy,0.75,23.52
img_1897.npy,0.85,23.16
img_1898.npy,0.81,22.29
img_1899.npy,0.92,23.51
img_19.npy,0.79,24.61
img_190.npy,0.96,24.09
img_1900.npy,0.79,24.05
img_1901.npy,1.07,22.28
img_1902.npy,1.03,24.08
img_1903.npy,0.84,24.21
img_1904.npy,0.83,21.59
img_1905.npy,0.93,23.32
img_1906.npy,0.87,22.57
img_1907.npy,0.82,24.09
img_1908.npy,0.82,22.28
img_1909.npy,0.97,23.48
img_191.npy,0.93,22.10
img_1910.npy,0.94,22.34
img_1911.npy,0.91,21.96
img_1912.npy,0.80,22.69
img_1913.npy,0.83,21.68
img_1914.npy,0.97,23.16
img_1915.npy,1.05,21.83
img_1916.npy,0.92,23.41
img_1917.npy,0.87,21.97
img_1918.npy,0.90,22.92
img_1919.npy,0.99,22.19
img_192.npy,0.89,22.95
img_1920.npy,0.98,24.04
img_1921.npy,0.79,22.87
img_1922.npy,0.92,23.68
img_1923.npy,0.80,23.37
img_1924.npy,0.92,23.37
img_1925.npy,0.77,22.96
img_1926.npy,0.75,23.03
img_1927.npy,1.03,21.95
img_1928.npy,1.05,22.47
img_1929.npy,0.80,22.84
img_193.npy,0.89,21.11
img_1930.npy,0.95,23.82
img_1931.npy,0.85,23.90
img_1932.npy,0.92,22.89
img_1933.npy,0.80,21.34
img_1934.npy,0.85,24.46
img_1935.npy,0.94,23.31
img_1936.npy,1.08,23.70
img_1937.npy,0.80,22.35
img_1938.npy,0.98,23.47
img_1939.npy,1.12,24.27
img_194.npy,0.81,22.98
img_1940.npy,0.94,23.38
img_1941.npy,0.84,23.14
img_1942.npy,0.84,23.74
img_1943.npy,0.92,21.74
img_1944.npy,0.96,23.10
img_1945.npy,0.81,24.18
img_1946.npy,0.93,23.62
img_1947.npy,0.96,22.53
img_1948.npy,0.87,23.04
img_1949.npy,0.85,22.08
img_195.npy,0.98,23.39
img_1950.npy,0.82,21.44
img_1951.npy,0.89,22.70
img_1952.npy,0.94,23.68
img_1953.npy,0.78,22.59
img_1954.npy,0.88,22.68
img_1955.npy,0.87,22.66
img_1956.npy,0.82,23.15
img_1957.npy,0.98,23.25
img_1958.npy,0.73,24.38
img_1959.npy,1.02,23.86
img_196.npy,0.70,22.67
img_1960.npy,0.87,22.23
img_1961.npy,0.80,23.61
img_1962.npy,0.75,23.38
img_1963.npy,0.84,23.81
img_1964.npy,0.83,23.48
img_1965.npy,0.73,23.91
img_1966.npy,0.84,23.01
img_1967.npy,0.86,23.83
img_1968.npy,1.11,22.61
img_1969.npy,0.92,22.90
img_197.npy,0.76,23.36
img_1970.npy,0.77,22.09
img_1971.npy,0.91,24.09
img_1972.npy,0.84,23.70
img_1973.npy,0.98,24.84
img_1974.npy,1.00,22.55
img_1975.npy,0.88,20.86
img_1976.npy,0.79,23.02
img_1977.npy,1.03,23.61
img_1978.npy,0.80,22.91
img_1979.npy,0.94,22.66
img_198.npy,0.67,22.94
img_1980.npy,0.94,22.29
img_1981.npy,0.90,23.84
img_1982.npy,0.89,23.29
img_1983.npy,0.79,21.62
img_1984.npy,0.71,22.52
img_1985.npy,0.82,23.36
img_1986.npy,0.81,24.15
img_1987.npy,0.97,23.39
img_1988.npy,0.71,23.26
img_1989.npy,0.69,22.50
img_199.npy,0.86,22.47
img_1990.npy,0.83,22.66
img_1991.npy,0.82,21.40
img_1992.npy,0.73,23.15
img_1993.npy,1.04,22.33
img_1994.npy,0.73,23.88
img_1995.npy,0.88,22.39
img_1996.npy,0.90,23.82
img_1997.npy,0.82,23.12
img_1998.npy,0.77,23.08
img_1999.npy,0.88,22.80
img_2.npy,0.83,25.14
img_20.npy,0.84,23.27
img_200.npy,0.71,23.98
img_2000.npy,0.89,21.95
img_2001.npy,0.86,22.12
img_2002.npy,0.99,23.84
img_2003.npy,0.77,23.55
img_2004.npy,0.89,21.46
img_2005.npy,0.90,22.25
img_2006.npy,0.78,22.70
img_2007.npy,0.91,23.98
img_2008.npy,0.86,22.82
img_2009.npy,0.83,22.22
img_201.npy,0.75,22.11
img_2010.npy,0.95,24.35
img_2011.npy,0.82,22.77
img_2012.npy,0.93,24.95
img_2013.npy,0.82,23.28
img_2014.npy,0.78,22.18
img_2015.npy,0.90,23.45
img_2016.npy,0.84,22.15
img_2017.npy,0.77,22.27
img_2018.npy,0.84,23.74
img_2019.npy,0.68,23.69
img_202.npy,0.90,22.93
img_2020.npy,0.83,22.99
img_2021.npy,0.99,22.52
img_2022.npy,0.88,24.26
img_2023.npy,0.89,22.93
img_2024.npy,0.77,22.84
img_2025.npy,0.81,23.86
img_2026.npy,0.61,22.47
img_2027.npy,0.78,23.58
img_2028.npy,0.93,22.87
img_2029.npy,0.95,23.76
img_203.npy,0.94,22.11
img_2030.npy,0.65,22.95
img_2031.npy,0.97,22.56
img_2032.npy,1.04,24.84
img_2033.npy,0.90,23.74
img_2034.npy,0.88,21.04
img_2035.npy,0.78,24.07
img_2036.npy,1.01,22.88
img_2037.npy,0.91,22.59
img_2038.npy,1.02,24.17
img_2039.npy,0.77,24.50
img_204.npy,0.91,21.94
img_2040.npy,1.03,24.15
img_2041.npy,0.84,23.23
img_2042.npy,0.90,24.92
img_2043.npy,0.86,23.64
img_2044.npy,0.72,22.38
img_2045.npy,0.85,23.46
img_2046.npy,0.86,23.05
img_2047.npy,0.77,22.92
img_2048.npy,0.89,23.99
img_2049.npy,0.92,24.95
img_205.npy,0.86,21.93
img_2050.npy,0.84,24.18
img_2051.npy,0.95,23.37
img_2052.npy,0.81,22.99
img_2053.npy,0.87,23.58
img_2054.npy,0.65,24.22
img_2055.npy,0.72,23.21
img_2056.npy,0.66,22.09
img_2057.npy,0.71,22.29
img_2058.npy,0.87,23.56
img_2059.npy,1.02,24.16
img_206.npy,0.85,23.41
img_2060.npy,0.91,22.57
img_2061.npy,0.68,24.50
img_2062.npy,0.74,22.06
img_2063.npy,0.98,21.56
img_2064.npy,0.66,24.45
img_2065.npy,0.79,23.81
img_2066.npy,0.73,22.87
img_2067.npy,0.79,22.36
img_2068.npy,0.89,21.75
img_2069.npy,0.95,23.51
img_207.npy,0.79,25.03
img_2070.npy,0.89,21.68
img_2071.npy,0.77,22.59
img_2072.npy,0.96,22.77
img_2073.npy,0.82,23.14
img_2074.npy,0.91,22.40
img_2075.npy,0.83,22.19
img_2076.npy,1.07,23.22
img_2077.npy,1.00,23.67
img_2078.npy,0.86,21.96
img_2079.npy,0.83,24.83
img_208.npy,0.83,24.47
img_2080.npy,0.88,22.64
img_2081.npy,0.81,22.36
img_2082.npy,0.78,22.38
img_2083.npy,0.80,22.37
img_2084.npy,0.67,25.97
img_2085.npy,0.76,25.42
img_2086.npy,0.79,24.01
img_2087.npy,0.85,24.02
img_2088.npy,0.96,22.93
img_2089.npy,0.78,22.88
img_209.npy,0.87,24.57
img_2090.npy,0.90,21.92
img_2091.npy,0.91,25.15
img_2092.npy,0.70,23.52
img_2093.npy,0.69,22.87
img_2094.npy,0.70,22.46
img_2095.npy,0.80,24.96
img_2096.npy,0.95,24.46
img_2097.npy,0.73,24.09
img_2098.npy,0.63,23.85
img_2099.npy,0.85,23.44
img_21.npy,0.84,21.50
img_210.npy,0.76,23.86
img_2100.npy,0.79,23.49
img_2101.npy,0.69,22.24
img_2102.npy,0.70,22.11
img_2103.npy,0.85,22.28
img_2104.npy,0.89,23.61
img_2105.npy,0.85,22.89
img_2106.npy,0.87,23.66
img_2107.npy,0.84,23.55
img_2108.npy,0.75,22.20
img_2109.npy,0.89,24.46
img_211.npy,0.78,23.34
img_2110.npy,0.83,24.13
img_2111.npy,0.57,22.95
img_2112.npy,0.81,23.25
img_2113.npy,0.80,22.89
img_2114.npy,0.73,23.19
img_2115.npy,0.81,23.13
img_2116.npy,0.65,23.68
img_2117.npy,0.70,21.39
img_2118.npy,0.67,22.64
img_2119.npy,0.91,22.14
img_212.npy,0.78,23.57
img_2120.npy,0.68,22.58
img_2121.npy,0.63,23.44
img_2122.npy,0.73,23.56
img_2123.npy,0.69,23.82
img_2124.npy,0.79,23.64
img_2125.npy,0.86,24.23
img_2126.npy,0.76,24.95
img_2127.npy,0.77,24.13
img_2128.npy,0.84,23.88
img_2129.npy,0.79,24.55
img_213.npy,0.69,24.00
img_2130.npy,0.73,23.09
img_2131.npy,0.72,23.80
img_2132.npy,0.77,22.05
img_2133.npy,0.92,23.20
img_2134.npy,1.00,23.68
img_2135.npy,0.83,24.07
img_2136.npy,0.72,24.53
img_2137.npy,0.70,22.80
img_2138.npy,0.79,22.20
img_2139.npy,0.66,23.68
img_214.npy,0.72,22.81
img_2140.npy,0.65,24.18
img_2141.npy,0.75,24.77
img_2142.npy,0.79,24.46
img_2143.npy,0.79,24.05
img_2144.npy,0.70,23.03
img_2145.npy,0.65,22.29
img_2146.npy,0.79,22.11
img_2147.npy,0.75,24.38
img_2148.npy,0.75,22.39
img_2149.npy,0.66,23.92
img_215.npy,0.76,22.95
img_2150.npy,0.88,23.33
img_2151.npy,0.72,23.65
img_2152.npy,0.85,22.05
img_2153.npy,0.66,23.89
img_2154.npy,0.75,24.62
img_2155.npy,0.77,23.93
img_2156.npy,0.76,21.15
img_2157.npy,0.83,21.96
img_2158.npy,0.66,22.20
img_2159.npy,0.63,21.58
img_216.npy,0.90,22.84
img_2160.npy,0.83,22.73
img_2161.npy,0.77,23.25
img_2162.npy,0.66,21.97
img_2163.npy,0.79,23.16
img_2164.npy,0.96,23.48
img_2165.npy,0.91,23.27
img_2166.npy,0.71,23.78
img_2167.npy,0.75,23.75
img_2168.npy,0.93,22.20
img_2169.npy,0.73,24.39
img_217.npy,0.89,24.47
img_2170.npy,0.74,23.06
img_2171.npy,0.81,24.00
img_2172.npy,0.68,23.40
img_2173.npy,0.63,24.05
img_2174.npy,0.68,24.03
img_2175.npy,0.78,23.01
img_2176.npy,0.74,24.07
img_2177.npy,0.83,24.07
img_2178.npy,0.76,23.13
img_2179.npy,0.90,23.80
img_218.npy,0.75,23.83
img_2180.npy,0.74,24.07
img_2181.npy,0.76,22.80
img_2182.npy,0.82,23.38
img_2183.npy,0.74,23.25
img_2184.npy,0.79,23.38
img_2185.npy,0.60,23.55
img_2186.npy,0.64,22.01
img_2187.npy,0.79,24.80
img_2188.npy,0.78,22.48
img_2189.npy,0.77,23.11
img_219.npy,0.71,23.91
img_2190.npy,0.69,23.04
img_2191.npy,0.84,21.96
img_2192.npy,0.76,21.91
img_2193.npy,0.64,24.00
img_2194.npy,0.65,21.71
img_2195.npy,0.88,22.62
img_2196.npy,0.97,23.58
img_2197.npy,1.01,24.34
img_2198.npy,0.77,23.66
img_2199.npy,0.81,23.39
img_22.npy,0.71,24.71
img_220.npy,0.62,23.18
img_2200.npy,0.82,24.04
img_2201.npy,0.66,23.36
img_2202.npy,0.72,26.45
img_2203.npy,0.78,22.52
img_2204.npy,0.71,23.65
img_2205.npy,0.74,22.65
img_2206.npy,0.63,21.92
img_2207.npy,0.72,21.63
img_2208.npy,0.69,23.22
img_2209.npy,0.58,23.45
img_221.npy,0.89,23.87
img_2210.npy,0.74,23.15
img_2211.npy,0.71,24.99
img_2212.npy,0.78,22.37
img_2213.npy,0.74,22.50
img_2214.npy,0.68,21.56
img_2215.npy,0.82,23.18
img_2216.npy,0.75,23.04
img_2217.npy,0.79,22.71
img_2218.npy,0.76,22.77
img_2219.npy,0.69,23.68
img_222.npy,0.85,23.77
img_2220.npy,0.82,23.08
img_2221.npy,0.83,24.15
img_2222.npy,0.74,23.94
img_2223.npy,0.72,24.70
img_2224.npy,0.67,23.92
img_2225.npy,0.73,23.09
img_2226.npy,0.79,22.53
img_2227.npy,0.76,24.39
img_2228.npy,0.71,22.57
img_2229.npy,0.71,21.84
img_223.npy,0.88,23.65
img_2230.npy,0.78,24.61
img_2231.npy,0.69,24.34
img_2232.npy,0.59,22.28
img_2233.npy,0.77,23.47
img_2234.npy,0.81,23.09
img_2235.npy,0.80,23.77
img_2236.npy,0.77,23.00
img_2237.npy,0.65,23.09
img_2238.npy,0.67,22.78
img_2239.npy,0.84,22.95
img_224.npy,0.78,25.04
img_2240.npy,0.68,24.40
img_2241.npy,0.67,23.95
img_2242.npy,0.74,23.05
img_2243.npy,0.82,23.36
img_2244.npy,0.70,23.96
img_2245.npy,0.76,23.02
img_2246.npy,0.76,21.54
img_2247.npy,0.84,23.82
img_2248.npy,0.92,24.79
img_2249.npy,0.64,22.79
img_225.npy,0.75,23.81
img_2250.npy,0.66,23.68
img_2251.npy,0.61,21.68
img_2252.npy,0.73,23.90
img_2253.npy,0.84,23.41
img_2254.npy,0.79,24.77
img_2255.npy,0.72,21.99
img_2256.npy,0.92,24.02
img_2257.npy,1.13,22.31
img_2258.npy,0.81,21.73
img_2259.npy,0.75,22.71
img_226.npy,0.67,23.20
img_2260.npy,0.82,22.28
img_2261.npy,0.79,21.58
img_2262.npy,0.77,23.21
img_2263.npy,0.75,23.93
img_2264.npy,0.59,22.94
img_2265.npy,0.95,23.04
img_2266.npy,0.87,23.47
img_2267.npy,0.85,23.97
img_2268.npy,0.79,22.73
img_2269.npy,0.79,22.17
img_227.npy,0.90,23.55
img_2270.npy,0.72,22.47
img_2271.npy,0.66,23.33
img_2272.npy,0.77,21.91
img_2273.npy,0.76,23.14
img_2274.npy,0.74,23.54
img_2275.npy,0.83,25.08
img_2276.npy,0.77,23.70
img_2277.npy,0.71,24.22
img_2278.npy,0.75,22.58
img_2279.npy,0.85,23.95
img_228.npy,0.92,23.25
img_2280.npy,0.89,23.41
img_2281.npy,0.73,23.48
img_2282.npy,0.85,23.73
img_2283.npy,0.91,25.54
img_2284.npy,0.80,23.89
img_2285.npy,0.79,24.17
img_2286.npy,0.75,22.86
img_2287.npy,0.87,24.78
img_2288.npy,0.70,24.54
img_2289.npy,0.65,23.36
img_229.npy,0.79,23.99
img_2290.npy,0.70,25.21
img_2291.npy,0.90,24.09
img_2292.npy,0.68,24.12
img_2293.npy,0.96,23.27
img_2294.npy,0.74,24.86
img_2295.npy,0.66,23.35
img_2296.npy,0.65,22.88
img_2297.npy,0.85,23.84
img_2298.npy,0.76,23.92
img_2299.npy,0.74,22.53
img_23.npy,0.61,23.49
img_230.npy,0.73,22.20
img_2300.npy,0.88,24.82
img_2301.npy,0.68,21.92
img_2302.npy,0.82,22.06
img_2303.npy,0.59,23.38
img_2304.npy,0.87,23.01
img_2305.npy,1.00,20.78
img_2306.npy,0.72,24.07
img_2307.npy,0.65,22.06
img_2308.npy,0.70,22.39
img_2309.npy,0.59,24.19
img_231.npy,0.77,22.45
img_2310.npy,0.78,24.22
img_2311.npy,0.71,24.54
img_2312.npy,0.81,23.35
img_2313.npy,0.59,22.09
img_2314.npy,0.76,21.89
img_2315.npy,0.67,23.79
img_2316.npy,0.90,22.77
img_2317.npy,0.97,23.98
img_2318.npy,0.70,22.94
img_2319.npy,0.82,23.70
img_232.npy,0.67,23.05
img_2320.npy,0.73,23.07
img_2321.npy,0.71,24.58
img_2322.npy,0.81,24.79
img_2323.npy,0.90,23.89
img_2324.npy,0.79,24.03
img_2325.npy,0.69,23.94
img_2326.npy,0.68,23.12
img_2327.npy,0.64,22.70
img_2328.npy,0.81,23.14
img_2329.npy,0.79,23.53
img_233.npy,0.74,22.40
img_2330.npy,0.73,21.45
img_2331.npy,0.58,22.58
img_2332.npy,0.71,22.41
img_2333.npy,0.75,22.49
img_2334.npy,0.77,23.57
img_2335.npy,0.95,23.86
img_2336.npy,0.79,23.11
img_2337.npy,0.71,23.79
img_2338.npy,0.64,22.53
img_2339.npy,0.93,23.39
img_234.npy,0.65,23.50
img_2340.npy,0.88,23.25
img_2341.npy,0.69,24.14
img_2342.npy,0.69,23.97
img_2343.npy,0.69,22.61
img_2344.npy,0.69,24.93
img_2345.npy,0.78,21.83
img_2346.npy,0.73,24.03
img_2347.npy,0.76,24.00
img_2348.npy,0.66,24.01
img_2349.npy,0.75,23.48
img_235.npy,0.76,22.97
img_2350.npy,0.82,22.02
img_2351.npy,0.84,23.28
img_2352.npy,0.77,25.14
img_2353.npy,0.76,24.30
img_2354.npy,0.67,23.79
img_2355.npy,0.96,24.27
img_2356.npy,0.68,23.27
img_2357.npy,0.84,23.10
img_2358.npy,0.86,23.03
img_2359.npy,0.81,24.66
img_236.npy,0.87,24.38
img_2360.npy,0.83,23.16
img_2361.npy,0.87,22.61
img_2362.npy,0.78,23.55
img_2363.npy,0.75,23.50
img_2364.npy,0.73,22.55
img_2365.npy,0.73,22.49
img_2366.npy,0.76,23.02
img_2367.npy,0.68,23.27
img_2368.npy,0.79,22.99
img_2369.npy,0.68,25.00
img_237.npy,0.81,24.18
img_2370.npy,0.68,22.55
img_2371.npy,0.66,23.71
img_2372.npy,0.72,21.81
img_2373.npy,0.75,24.05
img_2374.npy,0.74,22.33
img_2375.npy,0.85,23.81
img_2376.npy,0.78,23.99
img_2377.npy,0.93,23.33
img_2378.npy,1.09,24.18
img_2379.npy,0.88,23.04
img_238.npy,0.73,22.82
img_2380.npy,0.86,23.15
img_2381.npy,0.68,23.48
img_2382.npy,0.82,23.83
img_2383.npy,0.72,22.52
img_2384.npy,0.92,23.48
img_2385.npy,0.63,22.71
img_2386.npy,0.64,22.25
img_2387.npy,0.82,23.34
img_2388.npy,0.78,23.77
img_2389.npy,0.73,23.27
img_239.npy,0.75,24.16
img_2390.npy,0.93,22.79
img_2391.npy,0.80,22.86
img_2392.npy,0.76,23.78
img_2393.npy,0.80,23.37
img_2394.npy,0.78,21.53
img_2395.npy,0.93,23.86
img_2396.npy,0.76,23.44
img_2397.npy,0.86,23.40
img_2398.npy,0.67,23.54
img_2399.npy,0.80,21.54
img_24.npy,0.90,24.23
img_240.npy,0.79,23.43
img_2400.npy,0.71,23.25
img_2401.npy,0.71,23.07
img_2402.npy,0.83,23.70
img_2403.npy,0.76,23.98
img_2404.npy,0.82,24.19
img_2405.npy,0.77,24.09
img_2406.npy,0.70,22.17
img_2407.npy,0.85,23.50
img_2408.npy,0.76,23.04
img_2409.npy,0.79,24.73
img_241.npy,0.67,23.63
img_2410.npy,0.67,24.01
img_2411.npy,0.77,22.17
img_2412.npy,0.84,23.75
img_2413.npy,0.88,22.11
img_2414.npy,0.69,23.40
img_2415.npy,0.83,23.97
img_2416.npy,0.75,23.50
img_2417.npy,0.69,25.09
img_2418.npy,0.73,24.03
img_2419.npy,0.59,23.68
img_242.npy,0.67,21.86
img_2420.npy,0.78,23.33
img_2421.npy,0.72,25.75
img_2422.npy,0.80,23.62
img_2423.npy,0.81,23.19
img_2424.npy,0.69,23.71
img_2425.npy,0.80,20.78
img_2426.npy,0.90,24.04
img_2427.npy,0.71,25.78
img_2428.npy,0.72,23.72
img_2429.npy,0.81,23.60
img_243.npy,0.77,23.86
img_2430.npy,0.81,23.03
img_2431.npy,0.77,23.82
img_2432.npy,0.74,24.97
img_2433.npy,0.74,23.98
img_2434.npy,0.66,22.88
img_2435.npy,0.72,21.97
img_2436.npy,0.77,23.75
img_2437.npy,0.76,23.15
img_2438.npy,0.75,24.52
img_2439.npy,0.71,23.51
img_244.npy,0.71,23.44
img_2440.npy,0.67,24.88
img_2441.npy,0.80,23.83
img_2442.npy,0.73,23.93
img_2443.npy,0.85,22.17
img_2444.npy,0.89,23.45
img_2445.npy,0.81,21.93
img_2446.npy,0.86,23.11
img_2447.npy,0.78,23.05
img_2448.npy,0.74,23.55
img_2449.npy,0.81,22.74
img_245.npy,0.83,24.89
img_2450.npy,0.76,23.04
img_2451.npy,0.66,22.82
img_2452.npy,0.77,23.86
img_2453.npy,0.85,23.91
img_2454.npy,0.91,23.30
img_2455.npy,0.65,22.37
img_2456.npy,0.74,23.05
img_2457.npy,0.83,22.48
img_2458.npy,0.83,22.24
img_2459.npy,0.72,24.52
img_246.npy,0.69,23.28
img_2460.npy,0.80,22.20
img_2461.npy,0.84,22.28
img_2462.npy,0.78,23.79
img_2463.npy,0.92,24.54
img_2464.npy,0.59,24.70
img_2465.npy,0.71,23.50
img_2466.npy,0.79,22.18
img_2467.npy,0.91,23.71
img_2468.npy,0.77,23.09
img_2469.npy,0.71,24.11
img_247.npy,0.62,22.61
img_2470.npy,0.68,22.52
img_2471.npy,0.67,22.45
img_2472.npy,0.79,24.21
img_2473.npy,0.87,23.24
img_2474.npy,0.71,22.67
img_2475.npy,0.96,24.83
img_2476.npy,0.79,23.37
img_2477.npy,0.70,23.99
img_2478.npy,0.66,24.50
img_2479.npy,0.69,22.18
img_248.npy,0.92,22.53
img_2480.npy,0.75,22.43
img_2481.npy,0.67,24.14
img_2482.npy,0.78,22.53
img_2483.npy,0.84,22.73
img_2484.npy,0.78,22.52
img_2485.npy,0.86,24.33
img_2486.npy,0.75,23.58
img_2487.npy,0.81,23.55
img_2488.npy,0.68,23.31
img_2489.npy,0.58,22.16
img_249.npy,0.64,24.27
img_2490.npy,0.84,24.83
img_2491.npy,0.78,23.07
img_2492.npy,0.62,24.52
img_2493.npy,0.74,22.70
img_2494.npy,0.86,23.11
img_2495.npy,0.85,23.23
img_2496.npy,0.79,22.59
img_2497.npy,0.78,23.52
img_2498.npy,0.89,23.20
img_2499.npy,0.84,23.01
img_25.npy,0.87,23.91
img_250.npy,0.83,24.24
img_2500.npy,0.71,23.42
img_2501.npy,0.75,22.71
img_2502.npy,0.73,22.70
img_2503.npy,0.68,21.68
img_2504.npy,0.85,22.24
img_2505.npy,0.78,22.81
img_2506.npy,0.60,22.94
img_2507.npy,0.67,23.84
img_2508.npy,0.62,22.95
img_2509.npy,0.75,22.82
img_251.npy,0.64,24.28
img_2510.npy,0.69,22.69
img_2511.npy,0.85,23.90
img_2512.npy,0.84,23.54
img_2513.npy,0.89,24.11
img_2514.npy,0.93,21.83
img_2515.npy,0.74,22.34
img_2516.npy,0.67,24.61
img_2517.npy,0.71,21.88
img_2518.npy,0.85,23.36
img_2519.npy,0.67,24.32
img_252.npy,0.66,22.96
img_2520.npy,0.70,23.26
img_2521.npy,0.92,22.94
img_2522.npy,0.85,23.90
img_2523.npy,0.76,23.20
img_2524.npy,0.84,23.88
img_2525.npy,0.73,23.30
img_2526.npy,0.76,23.05
img_2527.npy,0.66,23.38
img_2528.npy,0.66,22.60
img_2529.npy,0.62,22.30
img_253.npy,0.70,24.07
img_2530.npy,0.82,23.96
img_2531.npy,0.77,22.84
img_2532.npy,0.83,23.07
img_2533.npy,0.68,23.94
img_2534.npy,0.90,23.93
img_2535.npy,0.74,22.34
img_2536.npy,0.85,22.86
img_2537.npy,0.68,22.72
img_2538.npy,0.83,23.71
img_2539.npy,0.78,22.37
img_254.npy,0.77,22.20
img_2540.npy,0.68,22.18
img_2541.npy,0.74,23.82
img_2542.npy,0.83,25.23
img_2543.npy,0.62,25.88
img_2544.npy,0.69,24.13
img_2545.npy,0.65,23.25
img_2546.npy,0.72,22.62
img_2547.npy,0.77,23.55
img_2548.npy,0.79,22.68
img_2549.npy,0.81,24.57
img_255.npy,0.63,24.12
img_2550.npy,0.67,22.32
img_2551.npy,0.67,23.23
img_2552.npy,0.77,23.75
img_2553.npy,0.72,23.18
img_2554.npy,0.76,23.42
img_2555.npy,0.64,24.44
img_2556.npy,0.67,23.95
img_2557.npy,0.88,23.80
img_2558.npy,0.56,23.34
img_2559.npy,0.84,22.96
img_256.npy,0.92,23.07
img_2560.npy,0.75,22.99
img_2561.npy,0.72,22.80
img_2562.npy,0.67,21.54
img_2563.npy,0.82,23.57
img_2564.npy,0.59,23.32
img_2565.npy,0.59,22.68
img_2566.npy,0.75,21.12
img_2567.npy,0.64,22.04
img_2568.npy,0.67,22.92
img_2569.npy,0.73,22.96
img_257.npy,0.67,22.39
img_2570.npy,0.72,23.62
img_2571.npy,0.62,23.86
img_2572.npy,0.77,22.18
img_2573.npy,0.67,23.74
img_2574.npy,0.60,23.90
img_2575.npy,0.75,23.55
img_2576.npy,0.78,22.65
img_2577.npy,0.72,23.83
img_2578.npy,0.60,23.66
img_2579.npy,0.62,22.78
img_258.npy,0.76,23.30
img_2580.npy,0.69,22.84
img_2581.npy,0.70,22.02
img_2582.npy,0.63,24.59
img_2583.npy,0.74,22.41
img_2584.npy,0.69,22.35
img_2585.npy,0.66,24.54
img_2586.npy,0.65,22.48
img_2587.npy,0.78,22.94
img_2588.npy,0.79,23.92
img_2589.npy,0.62,23.57
img_259.npy,0.71,23.88
img_2590.npy,0.65,22.86
img_2591.npy,0.59,22.97
img_2592.npy,0.63,23.14
img_2593.npy,0.58,23.78
img_2594.npy,0.76,23.89
img_2595.npy,0.71,23.99
img_2596.npy,0.69,23.32
img_2597.npy,0.72,23.53
img_2598.npy,0.58,24.00
img_2599.npy,0.66,24.09
img_26.npy,0.86,23.82
img_260.npy,0.70,23.41
img_2600.npy,0.69,23.06
img_2601.npy,0.54,22.25
img_2602.npy,0.68,22.21
img_2603.npy,0.61,23.93
img_2604.npy,0.82,24.84
img_2605.npy,0.53,23.25
img_2606.npy,0.76,25.16
img_2607.npy,0.58,22.91
img_2608.npy,0.74,23.23
img_2609.npy,0.79,24.06
img_261.npy,0.76,24.02
img_2610.npy,0.59,22.41
img_2611.npy,0.57,22.36
img_2612.npy,0.67,21.80
img_2613.npy,0.74,22.05
img_2614.npy,0.63,23.11
img_2615.npy,0.79,23.07
img_2616.npy,0.61,22.46
img_2617.npy,0.69,23.00
img_2618.npy,0.65,23.04
img_2619.npy,0.74,22.32
img_262.npy,0.76,23.94
img_2620.npy,0.62,25.02
img_2621.npy,0.68,22.39
img_2622.npy,0.62,23.03
img_2623.npy,0.64,22.95
img_2624.npy,0.62,23.20
img_2625.npy,0.63,23.84
img_2626.npy,0.72,24.32
img_2627.npy,0.92,22.87
img_2628.npy,0.85,23.56
img_2629.npy,0.77,23.42
img_263.npy,0.77,23.84
img_2630.npy,0.67,24.21
img_2631.npy,0.72,21.57
img_2632.npy,0.71,23.95
img_2633.npy,0.68,22.55
img_2634.npy,0.69,23.38
img_2635.npy,0.77,23.08
img_2636.npy,0.67,22.58
img_2637.npy,0.66,22.11
img_2638.npy,0.66,23.30
img_2639.npy,0.79,23.52
img_264.npy,0.61,24.77
img_2640.npy,0.71,22.89
img_2641.npy,0.73,22.28
img_2642.npy,0.76,22.37
img_2643.npy,0.83,23.58
img_2644.npy,0.79,22.55
img_2645.npy,0.80,22.16
img_2646.npy,0.84,24.32
img_2647.npy,0.74,23.81
img_2648.npy,0.75,24.02
img_2649.npy,0.66,22.43
img_265.npy,0.64,23.66
img_2650.npy,0.74,23.53
img_2651.npy,0.76,21.73
img_2652.npy,0.67,24.89
img_2653.npy,0.58,23.95
img_2654.npy,0.53,24.06
img_2655.npy,0.77,22.33
img_2656.npy,0.80,23.57
img_2657.npy,0.74,23.83
img_2658.npy,0.82,23.98
img_2659.npy,0.65,24.27
img_266.npy,0.79,22.46
img_2660.npy,0.70,21.82
img_2661.npy,0.73,23.88
img_2662.npy,0.66,22.51
img_2663.npy,0.59,22.94
img_2664.npy,0.69,23.67
img_2665.npy,0.64,23.65
img_2666.npy,0.63,24.47
img_2667.npy,0.65,22.56
img_2668.npy,0.79,23.47
img_2669.npy,0.71,23.72
img_267.npy,0.84,22.98
img_2670.npy,0.67,22.19
img_2671.npy,0.67,23.66
img_2672.npy,0.65,23.64
img_2673.npy,0.64,23.07
img_2674.npy,0.65,23.52
img_2675.npy,0.65,23.26
img_2676.npy,0.60,22.94
img_2677.npy,0.58,23.34
img_2678.npy,0.69,22.47
img_2679.npy,0.70,22.36
img_268.npy,0.72,24.30
img_2680.npy,0.73,22.68
img_2681.npy,0.66,22.83
img_2682.npy,0.60,22.45
img_2683.npy,0.63,23.58
img_2684.npy,0.67,22.79
img_2685.npy,0.61,26.74
img_2686.npy,0.65,24.11
img_2687.npy,0.58,23.21
img_2688.npy,0.56,20.93
img_2689.npy,0.81,24.74
img_269.npy,0.66,25.17
img_2690.npy,0.63,22.99
img_2691.npy,0.65,25.32
img_2692.npy,0.77,22.42
img_2693.npy,0.96,24.55
img_2694.npy,0.88,23.34
img_2695.npy,0.64,25.21
img_2696.npy,0.66,22.93
img_2697.npy,0.63,23.22
img_2698.npy,0.78,21.88
img_2699.npy,0.73,24.54
img_27.npy,0.72,22.02
img_270.npy,0.70,23.39
img_2700.npy,0.63,24.14
img_2701.npy,0.66,22.61
img_2702.npy,0.64,24.79
img_2703.npy,0.60,23.00
img_2704.npy,0.74,23.66
img_2705.npy,0.64,21.48
img_2706.npy,0.58,23.43
img_2707.npy,0.77,23.86
img_2708.npy,0.64,22.71
img_2709.npy,0.64,24.79
img_271.npy,0.85,22.48
img_2710.npy,0.69,23.88
img_2711.npy,0.68,22.21
img_2712.npy,0.68,23.54
img_2713.npy,0.66,22.56
img_2714.npy,0.76,23.06
img_2715.npy,0.73,24.85
img_2716.npy,0.68,22.95
img_2717.npy,0.82,24.71
img_2718.npy,0.71,22.33
img_2719.npy,0.76,24.54
img_272.npy,0.73,21.76
img_2720.npy,0.80,23.98
img_2721.npy,0.68,22.13
img_2722.npy,0.85,23.29
img_2723.npy,0.82,23.62
img_2724.npy,0.62,25.30
img_2725.npy,0.65,22.33
img_2726.npy,0.81,22.29
img_2727.npy,0.76,25.00
img_2728.npy,0.79,23.93
img_2729.npy,0.69,23.62
img_273.npy,0.85,22.13
img_2730.npy,0.74,23.86
img_2731.npy,0.68,24.29
img_2732.npy,0.73,23.24
img_2733.npy,0.68,23.25
img_2734.npy,0.81,23.33
img_2735.npy,0.62,23.63
img_2736.npy,0.66,23.23
img_2737.npy,0.79,25.05
img_2738.npy,0.59,24.09
img_2739.npy,0.56,23.41
img_274.npy,0.88,21.97
img_2740.npy,0.75,23.88
img_2741.npy,0.79,23.07
img_2742.npy,0.69,23.96
img_2743.npy,0.69,23.81
img_2744.npy,0.61,24.59
img_2745.npy,0.75,23.86
img_2746.npy,0.62,23.45
img_2747.npy,0.56,23.86
img_2748.npy,0.70,24.44
img_2749.npy,0.60,22.19
img_275.npy,0.69,22.89
img_2750.npy,0.82,22.28
img_2751.npy,0.70,23.26
img_2752.npy,0.69,22.02
img_2753.npy,0.92,22.36
img_2754.npy,0.75,23.46
img_2755.npy,0.86,23.40
img_2756.npy,0.77,23.05
img_2757.npy,0.76,23.82
img_2758.npy,0.94,21.85
img_2759.npy,0.82,22.95
img_276.npy,0.74,23.38
img_2760.npy,0.80,22.67
img_2761.npy,0.81,21.89
img_2762.npy,0.71,23.77
img_2763.npy,0.69,21.98
img_2764.npy,0.80,24.67
img_2765.npy,0.70,24.05
img_2766.npy,0.66,22.79
img_2767.npy,0.62,23.41
img_2768.npy,0.69,21.93
img_2769.npy,0.67,24.23
img_277.npy,0.87,22.40
img_2770.npy,0.73,21.43
img_2771.npy,0.76,23.26
img_2772.npy,0.70,22.80
img_2773.npy,0.82,23.44
img_2774.npy,0.88,23.35
img_2775.npy,0.70,23.73
img_2776.npy,0.71,24.12
img_2777.npy,0.65,23.26
img_2778.npy,0.77,24.12
img_2779.npy,0.79,24.01
img_278.npy,0.69,22.82
img_2780.npy,0.82,22.90
img_2781.npy,0.69,23.66
img_2782.npy,0.84,22.85
img_2783.npy,0.81,23.60
img_2784.npy,0.67,24.26
img_2785.npy,0.66,24.83
img_2786.npy,0.79,22.52
img_2787.npy,0.75,23.88
img_2788.npy,0.69,23.09
img_2789.npy,0.67,24.94
img_279.npy,0.73,23.88
img_2790.npy,0.60,23.07
img_2791.npy,0.69,24.21
img_2792.npy,0.62,24.19
img_2793.npy,0.66,22.73
img_2794.npy,0.72,23.95
img_2795.npy,0.63,24.05
img_2796.npy,0.72,22.23
img_2797.npy,0.86,23.82
img_2798.npy,0.62,25.56
img_2799.npy,0.70,23.38
img_28.npy,0.62,23.41
img_280.npy,0.68,22.52
img_2800.npy,0.80,23.75
img_2801.npy,0.68,23.46
img_2802.npy,0.68,23.17
img_2803.npy,0.64,23.54
img_2804.npy,0.65,23.49
img_2805.npy,0.84,23.84
img_2806.npy,0.72,24.01
img_2807.npy,0.69,25.22
img_2808.npy,0.62,24.23
img_2809.npy,0.65,23.24
img_281.npy,0.62,21.81
img_2810.npy,0.75,25.43
img_2811.npy,0.70,24.43
img_2812.npy,0.78,23.11
img_2813.npy,0.87,23.81
img_2814.npy,0.70,22.99
img_2815.npy,0.80,25.18
img_2816.npy,0.74,22.97
img_2817.npy,0.65,23.81
img_2818.npy,0.72,23.66
img_2819.npy,0.76,23.27
img_282.npy,0.63,23.61
img_2820.npy,0.73,22.77
img_2821.npy,0.98,23.81
img_2822.npy,0.63,22.11
img_2823.npy,0.85,22.96
img_2824.npy,0.74,24.02
img_2825.npy,0.78,24.00
img_2826.npy,0.77,23.18
img_2827.npy,0.69,24.14
img_2828.npy,0.77,23.79
img_2829.npy,0.70,22.09
img_283.npy,0.70,22.51
img_2830.npy,0.69,23.37
img_2831.npy,0.64,22.93
img_2832.npy,0.60,22.52
img_2833.npy,0.65,23.87
img_2834.npy,0.68,23.60
img_2835.npy,0.75,22.82
img_2836.npy,0.70,21.12
img_2837.npy,0.77,23.82
img_2838.npy,0.82,24.49
img_2839.npy,0.64,24.75
img_284.npy,0.69,23.61
img_2840.npy,0.74,23.81
img_2841.npy,0.79,23.61
img_2842.npy,0.69,22.29
img_2843.npy,0.69,23.90
img_2844.npy,0.64,23.05
img_2845.npy,0.66,24.86
img_2846.npy,0.92,23.91
img_2847.npy,0.67,22.50
img_2848.npy,0.67,23.03
img_2849.npy,0.71,24.46
img_285.npy,0.88,23.61
img_2850.npy,0.70,23.15
img_2851.npy,0.73,23.15
img_2852.npy,0.71,23.50
img_2853.npy,0.83,23.29
img_2854.npy,0.72,23.10
img_2855.npy,0.80,24.48
img_2856.npy,0.70,22.33
img_2857.npy,0.75,24.93
img_2858.npy,0.73,24.05
img_2859.npy,0.68,22.51
img_286.npy,0.75,24.44
img_2860.npy,0.69,23.42
img_2861.npy,0.79,21.82
img_2862.npy,0.65,23.20
img_2863.npy,0.67,24.23
img_2864.npy,0.69,23.97
img_2865.npy,0.61,24.03
img_2866.npy,0.94,21.57
img_2867.npy,0.69,24.41
img_2868.npy,0.73,24.13
img_2869.npy,0.72,24.88
img_287.npy,0.79,22.34
img_2870.npy,0.83,24.02
img_2871.npy,0.72,23.79
img_2872.npy,0.60,24.43
img_2873.npy,0.74,22.93
img_2874.npy,0.84,24.48
img_2875.npy,0.72,23.86
img_2876.npy,0.69,21.98
img_2877.npy,0.72,23.10
img_2878.npy,0.84,22.90
img_2879.npy,0.78,24.18
img_288.npy,0.77,24.26
img_2880.npy,0.76,24.89
img_2881.npy,0.59,25.76
img_2882.npy,0.75,23.88
img_2883.npy,0.63,23.35
img_2884.npy,0.77,23.46
img_2885.npy,1.12,22.51
img_2886.npy,0.89,24.03
img_2887.npy,0.61,23.32
img_2888.npy,0.71,24.53
img_2889.npy,0.63,24.16
img_289.npy,0.84,23.58
img_2890.npy,0.69,22.61
img_2891.npy,0.81,24.35
img_2892.npy,0.74,22.81
img_2893.npy,0.80,22.62
img_2894.npy,0.56,23.75
img_2895.npy,0.69,22.98
img_2896.npy,0.76,21.94
img_2897.npy,0.86,23.23
img_2898.npy,0.75,24.06
img_2899.npy,0.69,23.90
img_29.npy,0.81,23.64
img_290.npy,0.77,24.07
img_2900.npy,0.78,23.81
img_2901.npy,0.75,22.90
img_2902.npy,0.57,21.71
img_2903.npy,0.70,24.10
img_2904.npy,0.74,24.01
img_2905.npy,0.65,25.12
img_2906.npy,0.65,23.43
img_2907.npy,0.76,22.23
img_2908.npy,0.77,24.41
img_2909.npy,0.67,23.77
img_291.npy,0.76,22.16
img_2910.npy,0.73,21.99
img_2911.npy,0.76,23.71
img_2912.npy,0.78,23.74
img_2913.npy,0.70,23.95
img_2914.npy,0.67,23.86
img_2915.npy,0.84,24.18
img_2916.npy,0.70,23.91
img_2917.npy,0.72,24.68
img_2918.npy,0.66,23.97
img_2919.npy,0.78,22.69
img_292.npy,0.80,24.07
img_2920.npy,0.68,24.12
img_2921.npy,0.73,24.08
img_2922.npy,0.80,23.98
img_2923.npy,0.75,22.24
img_2924.npy,0.72,23.70
img_2925.npy,0.78,24.69
img_2926.npy,0.84,23.86
img_2927.npy,0.84,24.56
img_2928.npy,0.77,23.07
img_2929.npy,0.79,23.62
img_293.npy,0.88,23.71
img_2930.npy,0.91,22.53
img_2931.npy,0.72,24.05
img_2932.npy,0.64,22.93
img_2933.npy,0.71,23.81
img_2934.npy,0.59,22.15
img_2935.npy,0.76,23.41
img_2936.npy,0.63,25.64
img_2937.npy,0.77,21.46
img_2938.npy,0.86,23.61
img_2939.npy,0.68,23.38
img_294.npy,0.74,22.77
img_2940.npy,0.77,23.56
img_2941.npy,0.78,24.33
img_2942.npy,0.66,24.99
img_2943.npy,0.69,23.33
img_2944.npy,0.79,24.01
img_2945.npy,0.62,23.04
img_2946.npy,0.84,21.86
img_2947.npy,1.19,21.96
img_2948.npy,0.80,23.87
img_2949.npy,0.76,24.71
img_295.npy,0.78,22.85
img_2950.npy,0.77,24.10
img_2951.npy,0.71,24.23
img_2952.npy,0.64,23.87
img_2953.npy,0.64,23.36
img_2954.npy,0.71,23.65
img_2955.npy,0.75,23.20
img_2956.npy,0.61,22.90
img_2957.npy,0.70,23.03
img_2958.npy,0.74,24.10
img_2959.npy,0.85,23.97
img_296.npy,0.65,23.00
img_2960.npy,0.76,22.91
img_2961.npy,0.62,23.64
img_2962.npy,0.71,21.83
img_2963.npy,0.70,23.23
img_2964.npy,0.80,22.35
img_2965.npy,0.63,23.61
img_2966.npy,0.59,22.80
img_2967.npy,0.57,23.49
img_2968.npy,0.67,23.11
img_2969.npy,0.63,22.76
img_297.npy,0.62,22.14
img_2970.npy,0.67,22.95
img_2971.npy,0.64,25.14
img_2972.npy,0.61,24.40
img_2973.npy,0.66,22.24
img_2974.npy,0.78,23.32
img_2975.npy,0.61,22.23
img_2976.npy,0.67,22.77
img_2977.npy,0.72,23.87
img_2978.npy,0.76,24.75
img_2979.npy,0.71,23.28
img_298.npy,0.78,23.89
img_2980.npy,0.73,23.77
img_2981.npy,0.65,24.01
img_2982.npy,0.71,24.10
img_2983.npy,0.77,23.84
img_2984.npy,0.61,23.76
img_2985.npy,0.75,24.11
img_2986.npy,0.70,21.92
img_2987.npy,0.71,21.94
img_2988.npy,0.80,23.34
img_2989.npy,0.71,23.27
img_299.npy,0.76,23.61
img_2990.npy,0.68,23.79
img_2991.npy,0.92,23.89
img_2992.npy,0.66,23.76
img_2993.npy,0.66,23.95
img_2994.npy,0.68,22.91
img_2995.npy,0.72,24.43
img_2996.npy,0.64,23.68
img_2997.npy,0.60,24.22
img_2998.npy,0.63,24.20
img_2999.npy,0.71,21.70
img_3.npy,0.74,23.55
img_30.npy,0.76,23.54
img_300.npy,0.73,22.47
img_3000.npy,0.74,22.79
img_3001.npy,0.81,23.36
img_3002.npy,0.83,22.55
img_3003.npy,0.87,23.48
img_3004.npy,0.73,23.82
img_3005.npy,0.85,24.25
img_3006.npy,0.68,23.61
img_3007.npy,0.67,22.47
img_3008.npy,0.69,23.54
img_3009.npy,0.66,21.41
img_301.npy,0.85,23.17
img_3010.npy,0.89,24.02
img_3011.npy,0.78,24.20
img_3012.npy,0.81,23.59
img_3013.npy,0.79,22.79
img_3014.npy,0.84,23.73
img_3015.npy,0.70,23.06
img_3016.npy,0.65,22.91
img_3017.npy,0.82,22.67
img_3018.npy,0.83,23.38
img_3019.npy,0.76,21.98
img_302.npy,0.69,23.25
img_3020.npy,0.75,22.09
img_3021.npy,0.77,22.83
img_3022.npy,0.70,22.84
img_3023.npy,0.68,22.04
img_3024.npy,0.65,22.80
img_3025.npy,0.78,23.31
img_3026.npy,0.78,23.95
img_3027.npy,0.78,23.49
img_3028.npy,0.69,22.25
img_3029.npy,0.77,23.48
img_303.npy,0.74,22.45
img_3030.npy,0.74,21.40
img_3031.npy,0.71,23.96
img_3032.npy,0.76,22.82
img_3033.npy,0.75,23.21
img_3034.npy,0.74,23.68
img_3035.npy,0.87,24.61
img_3036.npy,0.72,24.20
img_3037.npy,0.66,21.49
img_3038.npy,0.70,23.70
img_3039.npy,0.78,24.38
img_304.npy,0.69,24.27
img_3040.npy,0.80,23.32
img_3041.npy,0.76,22.46
img_3042.npy,0.78,22.93
img_3043.npy,0.65,21.97
img_3044.npy,0.78,23.86
img_3045.npy,0.68,24.27
img_3046.npy,0.73,22.42
img_3047.npy,0.78,21.54
img_3048.npy,0.75,23.21
img_3049.npy,0.60,23.41
img_305.npy,0.74,22.60
img_3050.npy,0.68,23.08
img_3051.npy,0.69,22.79
img_3052.npy,0.70,22.70
img_3053.npy,0.64,23.82
img_3054.npy,0.73,24.95
img_3055.npy,0.70,24.29
img_3056.npy,0.68,23.65
img_3057.npy,0.81,21.70
img_3058.npy,0.81,23.21
img_3059.npy,0.69,23.65
img_306.npy,0.70,22.99
img_3060.npy,0.66,22.54
img_3061.npy,0.77,24.12
img_3062.npy,0.79,22.89
img_3063.npy,0.73,23.68
img_3064.npy,0.68,24.26
img_3065.npy,0.73,24.91
img_3066.npy,0.59,22.80
img_3067.npy,0.75,22.53
img_3068.npy,0.62,23.97
img_3069.npy,0.79,24.25
img_307.npy,0.69,22.64
img_3070.npy,0.60,21.98
img_3071.npy,0.69,23.46
img_3072.npy,0.78,25.78
img_3073.npy,0.78,23.36
img_3074.npy,0.74,23.57
img_3075.npy,0.63,23.06
img_3076.npy,0.69,24.54
img_3077.npy,0.71,24.70
img_3078.npy,0.60,22.93
img_3079.npy,0.77,23.41
img_308.npy,0.75,23.85
img_3080.npy,0.72,23.95
img_3081.npy,0.61,24.08
img_3082.npy,0.61,23.48
img_3083.npy,0.66,22.75
img_3084.npy,0.64,23.59
img_3085.npy,0.69,22.25
img_3086.npy,0.58,23.79
img_3087.npy,0.70,23.95
img_3088.npy,0.66,22.91
img_3089.npy,0.62,23.03
img_309.npy,0.61,22.11
img_3090.npy,0.65,24.42
img_3091.npy,0.62,23.63
img_3092.npy,0.67,22.57
img_3093.npy,0.74,23.70
img_3094.npy,0.57,24.07
img_3095.npy,0.72,24.85
img_3096.npy,0.65,23.09
img_3097.npy,0.68,22.75
img_3098.npy,0.71,21.86
img_3099.npy,0.73,24.52
img_31.npy,0.72,23.76
img_310.npy,0.69,24.14
img_3100.npy,0.58,23.18
img_3101.npy,0.81,23.88
img_3102.npy,0.64,23.53
img_3103.npy,0.76,23.18
img_3104.npy,0.66,24.49
img_3105.npy,0.62,22.59
img_3106.npy,0.75,21.93
img_3107.npy,0.66,23.84
img_3108.npy,0.60,23.18
img_3109.npy,0.63,23.38
img_311.npy,0.62,23.40
img_3110.npy,0.85,23.83
img_3111.npy,0.62,23.54
img_3112.npy,0.72,23.20
img_3113.npy,0.67,21.73
img_3114.npy,0.75,23.73
img_3115.npy,0.61,23.42
img_3116.npy,0.63,22.39
img_3117.npy,0.73,23.88
img_3118.npy,0.68,23.55
img_3119.npy,0.78,24.39
img_312.npy,0.63,21.87
img_3120.npy,0.64,23.88
img_3121.npy,0.80,22.41
img_3122.npy,0.85,21.69
img_3123.npy,0.66,22.05
img_3124.npy,0.62,24.16
img_3125.npy,0.71,23.49
img_3126.npy,0.66,22.94
img_3127.npy,0.87,23.88
img_3128.npy,0.73,24.59
img_3129.npy,0.72,22.37
img_313.npy,0.63,23.56
img_3130.npy,0.82,23.74
img_3131.npy,0.78,23.76
img_3132.npy,0.70,24.64
img_3133.npy,0.69,24.25
img_3134.npy,0.61,23.82
img_3135.npy,0.63,23.28
img_3136.npy,0.74,23.90
img_3137.npy,0.68,23.34
img_3138.npy,0.72,23.89
img_3139.npy,0.69,23.18
img_314.npy,0.81,21.37
img_3140.npy,0.94,23.33
img_3141.npy,0.96,22.92
img_3142.npy,0.83,24.05
img_3143.npy,0.70,22.67
img_3144.npy,0.74,23.43
img_3145.npy,0.83,22.08
img_3146.npy,0.81,23.85
img_3147.npy,0.68,23.76
img_3148.npy,0.64,23.95
img_3149.npy,0.65,23.17
img_315.npy,0.75,22.37
img_3150.npy,0.59,23.91
img_3151.npy,0.73,24.92
img_3152.npy,0.73,23.11
img_3153.npy,0.78,22.54
img_3154.npy,0.83,22.59
img_3155.npy,0.57,22.86
img_3156.npy,0.68,24.18
img_3157.npy,0.77,23.76
img_3158.npy,0.85,23.04
img_3159.npy,0.74,24.80
img_316.npy,0.63,22.02
img_3160.npy,0.62,23.67
img_3161.npy,0.63,23.93
img_3162.npy,0.83,24.80
img_3163.npy,0.87,22.98
img_3164.npy,0.60,23.53
img_3165.npy,0.71,22.15
img_3166.npy,0.81,24.61
img_3167.npy,0.74,24.82
img_3168.npy,0.77,23.86
img_3169.npy,0.70,22.84
img_317.npy,0.64,24.71
img_3170.npy,0.70,24.05
img_3171.npy,0.65,20.63
img_3172.npy,0.89,23.62
img_3173.npy,0.80,23.71
img_3174.npy,0.81,22.58
img_3175.npy,0.76,22.55
img_3176.npy,0.72,21.65
img_3177.npy,0.66,22.07
img_3178.npy,0.85,23.00
img_3179.npy,0.78,23.81
img_318.npy,0.70,23.80
img_3180.npy,0.68,24.95
img_3181.npy,0.69,23.74
img_3182.npy,0.69,20.98
img_3183.npy,0.86,22.02
img_3184.npy,0.81,23.07
img_3185.npy,0.86,23.73
img_3186.npy,0.65,22.85
img_3187.npy,0.83,23.04
img_3188.npy,0.75,23.92
img_3189.npy,0.79,24.84
img_319.npy,0.70,23.43
img_3190.npy,0.79,24.11
img_3191.npy,0.69,21.77
img_3192.npy,0.84,25.91
img_3193.npy,0.68,23.16
img_3194.npy,0.74,24.25
img_3195.npy,0.74,23.66
img_3196.npy,0.57,22.49
img_3197.npy,0.78,22.58
img_3198.npy,0.83,23.52
img_3199.npy,0.72,20.78
img_32.npy,0.71,23.30
img_320.npy,0.60,23.21
img_3200.npy,0.78,21.89
img_3201.npy,0.68,22.81
img_3202.npy,0.74,25.00
img_3203.npy,1.18,23.96
img_3204.npy,0.78,23.21
img_3205.npy,0.74,22.08
img_3206.npy,0.68,25.66
img_3207.npy,0.84,23.70
img_3208.npy,0.82,23.88
img_3209.npy,0.57,24.38
img_321.npy,0.59,23.63
img_3210.npy,0.80,23.86
img_3211.npy,0.76,23.15
img_3212.npy,0.66,22.78
img_3213.npy,0.71,24.03
img_3214.npy,0.73,24.04
img_3215.npy,0.89,23.88
img_3216.npy,0.80,23.50
img_3217.npy,0.77,23.75
img_3218.npy,0.71,23.98
img_3219.npy,0.84,23.75
img_322.npy,0.62,26.69
img_3220.npy,0.76,22.63
img_3221.npy,0.71,23.81
img_3222.npy,0.85,22.09
img_3223.npy,0.74,25.18
img_3224.npy,0.67,26.38
img_3225.npy,0.70,23.38
img_3226.npy,0.75,22.57
img_3227.npy,0.76,23.86
img_3228.npy,0.82,23.50
img_3229.npy,0.74,25.19
img_323.npy,0.70,22.77
img_3230.npy,0.74,24.00
img_3231.npy,0.62,23.62
img_3232.npy,0.74,23.12
img_3233.npy,0.72,24.09
img_3234.npy,0.77,24.26
img_3235.npy,0.79,24.72
img_3236.npy,0.80,22.95
img_3237.npy,0.70,24.23
img_3238.npy,0.74,23.45
img_3239.npy,0.69,23.81
img_324.npy,0.80,23.12
img_3240.npy,0.63,22.16
img_3241.npy,0.83,23.64
img_3242.npy,0.81,22.54
img_3243.npy,0.87,24.47
img_3244.npy,0.78,24.14
img_3245.npy,0.73,22.92
img_3246.npy,0.79,23.67
img_3247.npy,0.88,23.64
img_3248.npy,0.70,23.88
img_3249.npy,0.69,24.18
img_325.npy,0.64,23.93
img_3250.npy,0.70,24.73
img_3251.npy,0.72,21.85
img_3252.npy,0.78,24.01
img_3253.npy,0.74,23.45
img_3254.npy,0.85,21.39
img_3255.npy,0.76,22.43
img_3256.npy,0.80,23.70
img_3257.npy,0.81,22.79
img_3258.npy,0.67,24.09
img_3259.npy,0.64,22.06
img_326.npy,0.81,24.88
img_3260.npy,0.80,24.87
img_3261.npy,0.62,23.13
img_3262.npy,0.71,23.48
img_3263.npy,0.78,23.64
img_3264.npy,0.72,23.30
img_3265.npy,1.21,22.27
img_3266.npy,0.85,23.66
img_3267.npy,0.71,24.57
img_3268.npy,0.66,22.89
img_3269.npy,0.69,23.54
img_327.npy,0.62,23.57
img_3270.npy,0.75,22.76
img_3271.npy,0.70,23.88
img_3272.npy,0.91,24.08
img_3273.npy,0.81,23.98
img_3274.npy,0.75,22.23
img_3275.npy,0.68,22.80
img_3276.npy,0.79,24.08
img_3277.npy,0.71,22.93
img_3278.npy,0.61,23.36
img_3279.npy,0.65,22.46
img_328.npy,0.61,24.41
img_3280.npy,0.60,21.74
img_3281.npy,0.62,23.29
img_3282.npy,0.60,23.88
img_3283.npy,0.60,22.61
img_3284.npy,0.66,23.86
img_3285.npy,0.66,22.55
img_3286.npy,0.70,23.05
img_3287.npy,0.74,25.42
img_3288.npy,0.57,23.22
img_3289.npy,0.64,23.01
img_329.npy,0.64,24.28
img_3290.npy,0.62,21.71
img_3291.npy,0.72,23.43
img_3292.npy,0.71,22.91
img_3293.npy,0.61,22.99
img_3294.npy,0.66,24.04
img_3295.npy,0.77,24.66
img_3296.npy,0.58,23.50
img_3297.npy,0.59,22.05
img_3298.npy,0.72,23.35
img_3299.npy,0.60,23.93
img_33.npy,0.60,22.57
img_330.npy,0.84,21.92
img_3300.npy,0.58,25.21
img_3301.npy,0.69,24.68
img_3302.npy,0.60,22.28
img_3303.npy,0.58,23.34
img_3304.npy,0.66,23.24
img_3305.npy,0.81,23.15
img_3306.npy,0.64,24.82
img_3307.npy,0.67,22.46
img_3308.npy,0.69,23.57
img_3309.npy,0.76,23.80
img_331.npy,0.59,23.78
img_3310.npy,0.71,23.35
img_3311.npy,0.75,21.88
img_3312.npy,0.71,22.61
img_3313.npy,0.62,23.09
img_3314.npy,0.63,21.64
img_3315.npy,0.67,24.02
img_3316.npy,0.65,23.46
img_3317.npy,0.58,22.50
img_3318.npy,0.88,23.16
img_3319.npy,0.61,21.69
img_332.npy,0.67,22.96
img_3320.npy,0.73,22.68
img_3321.npy,0.74,22.23
img_3322.npy,0.68,21.83
img_3323.npy,0.67,22.68
img_3324.npy,0.77,22.62
img_3325.npy,0.73,22.31
img_3326.npy,0.58,23.69
img_3327.npy,0.67,23.16
img_3328.npy,0.63,22.58
img_3329.npy,0.66,24.27
img_333.npy,0.65,22.61
img_3330.npy,0.89,23.41
img_3331.npy,0.81,23.37
img_3332.npy,0.80,23.16
img_3333.npy,0.65,22.34
img_3334.npy,0.61,23.88
img_3335.npy,0.67,23.32
img_3336.npy,0.60,23.45
img_3337.npy,0.71,22.96
img_3338.npy,0.63,23.69
img_3339.npy,0.67,22.73
img_334.npy,0.71,23.34
img_3340.npy,0.68,24.97
img_3341.npy,0.67,24.25
img_3342.npy,0.57,24.86
img_3343.npy,0.75,24.29
img_3344.npy,0.71,22.34
img_3345.npy,0.61,23.10
img_3346.npy,0.74,22.79
img_3347.npy,0.77,24.03
img_3348.npy,0.80,23.00
img_3349.npy,0.68,24.13
img_335.npy,0.66,22.55
img_3350.npy,0.63,23.50
img_3351.npy,0.67,24.20
img_3352.npy,0.68,22.12
img_3353.npy,0.68,22.88
img_3354.npy,0.66,23.89
img_3355.npy,0.67,26.15
img_3356.npy,0.67,23.36
img_3357.npy,0.68,22.85
img_3358.npy,0.64,23.62
img_3359.npy,0.75,22.32
img_336.npy,0.80,23.25
img_3360.npy,0.73,24.43
img_3361.npy,0.66,23.96
img_3362.npy,0.76,25.14
img_3363.npy,0.71,24.26
img_3364.npy,0.71,25.16
img_3365.npy,0.65,22.79
img_3366.npy,0.80,23.52
img_3367.npy,0.67,24.21
img_3368.npy,0.72,24.80
img_3369.npy,0.83,23.92
img_337.npy,0.69,24.61
img_3370.npy,0.78,22.39
img_3371.npy,0.56,23.98
img_3372.npy,0.72,23.80
img_3373.npy,0.62,21.35
img_3374.npy,0.76,21.81
img_3375.npy,0.84,23.57
img_3376.npy,0.65,25.04
img_3377.npy,0.74,21.48
img_3378.npy,0.72,23.94
img_3379.npy,0.78,23.32
img_338.npy,0.87,23.35
img_3380.npy,0.57,23.41
img_3381.npy,0.63,23.07
img_3382.npy,0.69,24.98
img_3383.npy,0.79,22.21
img_3384.npy,0.71,24.09
img_3385.npy,0.63,22.56
img_3386.npy,0.64,24.39
img_3387.npy,0.59,24.18
img_3388.npy,0.60,23.14
img_3389.npy,0.70,21.94
img_339.npy,0.74,24.25
img_3390.npy,0.66,23.16
img_3391.npy,0.71,23.04
img_3392.npy,0.81,25.86
img_3393.npy,0.82,25.02
img_3394.npy,0.63,24.43
img_3395.npy,0.56,23.12
img_3396.npy,0.73,22.18
img_3397.npy,0.68,23.81
img_3398.npy,0.93,23.59
img_3399.npy,0.98,22.29
img_34.npy,0.89,23.33
img_340.npy,0.73,24.64
img_3400.npy,0.66,22.62
img_3401.npy,0.85,23.16
img_3402.npy,0.75,23.75
img_3403.npy,0.62,23.49
img_3404.npy,0.60,23.14
img_3405.npy,0.79,23.99
img_3406.npy,0.68,22.01
img_3407.npy,0.63,24.00
img_3408.npy,0.70,22.10
img_3409.npy,0.75,24.00
img_341.npy,0.76,22.86
img_3410.npy,0.76,24.88
img_3411.npy,0.80,23.01
img_3412.npy,0.73,24.01
img_3413.npy,0.72,23.01
img_3414.npy,0.70,23.11
img_3415.npy,0.78,23.25
img_3416.npy,0.77,22.89
img_3417.npy,0.64,21.98
img_3418.npy,0.68,21.66
img_3419.npy,0.77,23.45
img_342.npy,0.72,21.77
img_3420.npy,0.76,23.35
img_3421.npy,0.72,23.84
img_3422.npy,0.73,23.92
img_3423.npy,0.77,22.14
img_3424.npy,0.71,22.88
img_3425.npy,0.76,23.38
img_3426.npy,0.70,24.00
img_3427.npy,0.66,23.99
img_3428.npy,0.79,23.55
img_3429.npy,0.76,23.97
img_343.npy,0.88,24.43
img_3430.npy,0.73,24.16
img_3431.npy,0.64,23.48
img_3432.npy,0.96,22.09
img_3433.npy,0.56,23.15
img_3434.npy,0.71,23.26
img_3435.npy,0.63,24.80
img_3436.npy,0.75,23.37
img_3437.npy,0.80,24.18
img_3438.npy,0.72,23.80
img_3439.npy,0.69,23.84
img_344.npy,0.68,22.12
img_3440.npy,0.78,25.08
img_3441.npy,0.77,23.96
img_3442.npy,0.57,23.08
img_3443.npy,0.74,23.91
img_3444.npy,0.65,23.29
img_3445.npy,0.73,21.74
img_3446.npy,0.69,23.09
img_3447.npy,0.67,23.57
img_3448.npy,0.75,24.13
img_3449.npy,0.88,23.95
img_345.npy,0.77,23.87
img_3450.npy,0.82,24.02
img_3451.npy,0.64,23.68
img_3452.npy,0.83,22.70
img_3453.npy,0.77,23.30
img_3454.npy,0.73,23.88
img_3455.npy,0.81,24.72
img_3456.npy,0.74,23.97
img_3457.npy,0.66,24.12
img_3458.npy,0.81,24.13
img_3459.npy,0.77,23.53
img_346.npy,0.78,22.89
img_3460.npy,0.79,23.25
img_3461.npy,1.12,23.79
img_3462.npy,0.63,21.99
img_3463.npy,0.72,24.84
img_3464.npy,0.78,23.86
img_3465.npy,0.67,23.52
img_3466.npy,0.60,24.43
img_3467.npy,0.71,23.42
img_3468.npy,0.69,23.36
img_3469.npy,0.76,24.75
img_347.npy,0.71,22.11
img_3470.npy,0.75,23.29
img_3471.npy,0.65,25.04
img_3472.npy,0.79,22.34
img_3473.npy,0.79,23.88
img_3474.npy,0.70,24.76
img_3475.npy,0.62,23.90
img_3476.npy,0.66,23.61
img_3477.npy,0.80,23.25
img_3478.npy,0.88,22.73
img_3479.npy,0.67,23.78
img_348.npy,0.77,23.61
img_3480.npy,0.78,23.02
img_3481.npy,0.90,23.67
img_3482.npy,0.85,23.44
img_3483.npy,0.54,24.29
img_3484.npy,0.62,22.50
img_3485.npy,0.65,23.21
img_3486.npy,0.65,22.12
img_3487.npy,0.66,23.15
img_3488.npy,0.67,24.09
img_3489.npy,0.53,21.62
img_349.npy,0.74,24.13
img_3490.npy,0.70,24.79
img_3491.npy,0.61,24.22
img_3492.npy,0.67,22.04
img_3493.npy,0.75,24.29
img_3494.npy,0.72,23.14
img_3495.npy,0.65,23.75
img_3496.npy,0.62,22.83
img_3497.npy,0.78,26.45
img_3498.npy,0.67,24.17
img_3499.npy,0.75,23.10
img_35.npy,0.66,22.42
img_350.npy,0.68,24.29
img_3500.npy,0.60,22.60
img_3501.npy,0.69,24.47
img_3502.npy,0.86,22.43
img_3503.npy,0.74,23.79
img_3504.npy,0.73,23.93
img_3505.npy,0.67,23.66
img_3506.npy,0.64,23.14
img_3507.npy,0.69,24.82
img_3508.npy,0.69,24.00
img_3509.npy,0.80,24.27
img_351.npy,0.72,23.51
img_3510.npy,0.85,21.85
img_3511.npy,0.74,23.58
img_3512.npy,0.66,23.03
img_3513.npy,0.71,22.02
img_3514.npy,0.66,24.92
img_3515.npy,0.73,23.29
img_3516.npy,0.69,23.96
img_3517.npy,0.69,22.70
img_3518.npy,0.83,24.09
img_3519.npy,0.87,23.66
img_352.npy,0.92,22.34
img_3520.npy,0.67,23.14
img_3521.npy,0.82,22.64
img_3522.npy,0.80,22.14
img_3523.npy,0.78,24.67
img_3524.npy,0.87,23.34
img_3525.npy,1.01,23.43
img_3526.npy,0.70,23.76
img_3527.npy,0.70,23.34
img_3528.npy,0.82,22.68
img_3529.npy,0.77,23.08
img_353.npy,0.56,22.13
img_3530.npy,0.63,21.70
img_3531.npy,0.87,22.01
img_3532.npy,0.72,25.16
img_3533.npy,0.74,24.39
img_3534.npy,0.70,23.71
img_3535.npy,0.72,23.01
img_3536.npy,0.67,23.45
img_3537.npy,0.81,24.04
img_3538.npy,0.73,22.85
img_3539.npy,0.68,24.17
img_354.npy,0.58,23.59
img_3540.npy,0.77,22.30
img_3541.npy,0.87,22.71
img_3542.npy,0.64,23.82
img_3543.npy,0.76,24.16
img_3544.npy,0.72,23.73
img_3545.npy,0.89,22.76
img_3546.npy,0.75,23.47
img_3547.npy,0.68,23.26
img_3548.npy,0.63,22.40
img_3549.npy,0.69,23.26
img_355.npy,0.77,23.77
img_3550.npy,0.78,24.41
img_3551.npy,0.65,23.70
img_3552.npy,0.58,23.63
img_3553.npy,0.68,22.73
img_3554.npy,0.74,23.35
img_3555.npy,0.69,23.98
img_3556.npy,0.73,22.85
img_3557.npy,0.74,22.88
img_3558.npy,0.74,23.96
img_3559.npy,0.79,21.78
img_356.npy,0.63,24.16
img_3560.npy,0.66,21.98
img_3561.npy,0.76,24.02
img_3562.npy,0.88,24.57
img_3563.npy,0.82,23.33
img_3564.npy,0.79,23.86
img_3565.npy,0.75,24.04
img_3566.npy,0.73,24.90
img_3567.npy,0.79,23.56
img_3568.npy,0.75,24.66
img_3569.npy,0.70,24.96
img_357.npy,0.77,22.52
img_3570.npy,0.84,24.15
img_3571.npy,0.74,23.95
img_3572.npy,0.79,23.55
img_3573.npy,0.79,23.31
img_3574.npy,0.82,24.03
img_3575.npy,0.74,24.39
img_3576.npy,0.72,22.50
img_3577.npy,0.82,23.59
img_3578.npy,0.79,24.81
img_3579.npy,0.72,24.62
img_358.npy,0.68,23.38
img_3580.npy,0.75,22.59
img_3581.npy,0.74,24.82
img_3582.npy,0.81,22.50
img_3583.npy,0.72,23.10
img_3584.npy,0.64,25.99
img_3585.npy,0.84,24.01
img_3586.npy,0.71,23.91
img_3587.npy,0.87,26.17
img_3588.npy,0.97,23.28
img_3589.npy,0.67,23.06
img_359.npy,0.75,23.29
img_3590.npy,0.78,23.58
img_3591.npy,0.75,21.39
img_3592.npy,0.77,23.24
img_3593.npy,0.78,23.27
img_3594.npy,0.74,22.01
img_3595.npy,0.80,22.56
img_3596.npy,0.67,22.59
img_3597.npy,0.70,23.77
img_3598.npy,0.68,24.67
img_3599.npy,0.57,20.70
img_36.npy,0.73,22.38
img_360.npy,0.73,24.22
img_3600.npy,0.87,23.77
img_3601.npy,0.80,24.05
img_3602.npy,0.64,23.05
img_3603.npy,0.74,23.44
img_3604.npy,0.82,22.36
img_3605.npy,0.73,22.76
img_3606.npy,0.68,23.96
img_3607.npy,0.70,23.91
img_3608.npy,0.73,23.41
img_3609.npy,0.67,24.04
img_361.npy,0.67,23.88
img_3610.npy,0.73,22.10
img_3611.npy,0.64,22.79
img_3612.npy,0.81,22.09
img_3613.npy,0.72,22.53
img_3614.npy,0.77,23.06
img_3615.npy,0.67,23.12
img_3616.npy,0.76,22.88
img_3617.npy,0.79,23.75
img_3618.npy,0.80,23.17
img_3619.npy,0.78,24.30
img_362.npy,0.65,23.50
img_3620.npy,0.70,23.53
img_3621.npy,0.73,23.66
img_3622.npy,0.69,24.71
img_3623.npy,0.73,23.42
img_3624.npy,0.83,23.55
img_3625.npy,0.74,24.84
img_3626.npy,0.65,22.56
img_3627.npy,0.74,23.39
img_3628.npy,0.69,23.84
img_3629.npy,0.61,23.83
img_363.npy,0.55,22.71
img_3630.npy,0.62,23.94
img_3631.npy,0.64,22.96
img_3632.npy,0.72,23.96
img_3633.npy,0.52,23.56
img_3634.npy,0.63,23.75
img_3635.npy,0.69,24.42
img_3636.npy,0.79,23.77
img_3637.npy,0.69,23.42
img_3638.npy,0.58,23.06
img_3639.npy,0.63,23.72
img_364.npy,0.72,22.28
img_3640.npy,0.69,23.93
img_3641.npy,0.68,23.48
img_3642.npy,0.76,22.98
img_3643.npy,0.62,25.46
img_3644.npy,0.85,21.83
img_3645.npy,0.78,21.90
img_3646.npy,0.70,21.68
img_3647.npy,0.70,22.50
img_3648.npy,0.60,22.03
img_3649.npy,0.75,21.39
img_365.npy,0.80,22.60
img_3650.npy,0.67,23.77
img_3651.npy,0.96,23.80
img_3652.npy,0.82,22.92
img_3653.npy,0.82,23.71
img_3654.npy,0.66,25.09
img_3655.npy,0.56,23.12
img_3656.npy,0.68,23.14
img_3657.npy,0.56,25.16
img_3658.npy,0.56,22.78
img_3659.npy,0.65,23.43
img_366.npy,0.77,25.17
img_3660.npy,0.61,23.94
img_3661.npy,0.61,22.29
img_3662.npy,0.65,23.26
img_3663.npy,0.68,23.00
img_3664.npy,0.61,22.08
img_3665.npy,0.67,23.02
img_3666.npy,0.74,23.44
img_3667.npy,0.67,23.81
img_3668.npy,0.66,24.62
img_3669.npy,0.73,22.61
img_367.npy,0.73,22.96
img_3670.npy,0.60,24.02
img_3671.npy,0.66,22.14
img_3672.npy,0.74,23.04
img_3673.npy,0.62,23.36
img_3674.npy,0.78,23.75
img_3675.npy,0.68,22.10
img_3676.npy,0.72,25.11
img_3677.npy,0.66,23.05
img_3678.npy,0.67,22.48
img_3679.npy,0.61,23.32
img_368.npy,0.68,23.87
img_3680.npy,0.62,21.97
img_3681.npy,0.73,23.45
img_3682.npy,0.75,24.36
img_3683.npy,0.64,25.78
img_3684.npy,0.64,22.34
img_3685.npy,0.69,22.51
img_3686.npy,0.66,22.89
img_3687.npy,0.69,23.38
img_3688.npy,0.67,23.86
img_3689.npy,0.80,21.49
img_369.npy,0.60,22.59
img_3690.npy,0.73,23.45
img_3691.npy,0.72,21.97
img_3692.npy,0.75,23.71
img_3693.npy,0.67,23.60
img_3694.npy,0.68,23.82
img_3695.npy,0.74,23.77
img_3696.npy,0.70,24.03
img_3697.npy,0.68,22.16
img_3698.npy,0.60,23.02
img_3699.npy,0.68,24.69
img_37.npy,0.68,21.61
img_370.npy,0.80,23.20
img_3700.npy,0.70,23.18
img_3701.npy,0.62,23.49
img_3702.npy,0.58,22.45
img_3703.npy,0.82,22.43
img_3704.npy,0.77,23.98
img_3705.npy,0.73,23.11
img_3706.npy,0.71,23.71
img_3707.npy,0.72,22.75
img_3708.npy,0.65,22.74
img_3709.npy,0.77,24.67
img_371.npy,0.83,24.02
img_3710.npy,0.83,23.81
img_3711.npy,0.69,22.26
img_3712.npy,0.73,24.98
img_3713.npy,0.75,23.22
img_3714.npy,0.88,23.91
img_3715.npy,0.70,23.89
img_3716.npy,0.68,23.48
img_3717.npy,0.77,23.24
img_3718.npy,1.42,22.61
img_3719.npy,0.82,23.23
img_372.npy,0.76,23.53
img_3720.npy,0.75,23.01
img_3721.npy,0.72,22.95
img_3722.npy,0.76,23.81
img_3723.npy,0.63,23.16
img_3724.npy,0.64,22.09
img_3725.npy,0.60,24.16
img_3726.npy,0.64,22.80
img_3727.npy,0.68,24.32
img_3728.npy,0.62,22.48
img_3729.npy,0.65,22.39
img_373.npy,0.82,22.71
img_3730.npy,0.61,25.06
img_3731.npy,0.74,23.23
img_3732.npy,0.62,23.16
img_3733.npy,0.79,22.26
img_3734.npy,0.70,22.28
img_3735.npy,0.63,23.52
img_3736.npy,0.69,21.79
img_3737.npy,0.80,24.47
img_3738.npy,0.74,23.59
img_3739.npy,0.74,23.86
img_374.npy,0.70,23.46
img_3740.npy,0.66,23.48
img_3741.npy,0.60,24.21
img_3742.npy,0.65,23.54
img_3743.npy,0.60,22.60
img_3744.npy,0.61,22.87
img_3745.npy,0.66,21.59
img_3746.npy,0.65,23.81
img_3747.npy,0.65,23.46
img_3748.npy,0.61,22.87
img_3749.npy,0.66,23.76
img_375.npy,0.63,23.44
img_3750.npy,0.63,23.43
img_3751.npy,0.62,23.88
img_3752.npy,0.68,24.39
img_3753.npy,0.56,23.58
img_3754.npy,0.61,23.91
img_3755.npy,0.60,22.99
img_3756.npy,0.65,22.67
img_3757.npy,0.76,22.05
img_3758.npy,0.69,24.55
img_3759.npy,0.60,23.05
img_376.npy,0.67,22.76
img_3760.npy,0.71,23.81
img_3761.npy,0.70,23.07
img_3762.npy,0.66,22.75
img_3763.npy,0.61,23.37
img_3764.npy,0.66,25.41
img_3765.npy,0.63,22.80
img_3766.npy,0.74,23.41
img_3767.npy,0.58,24.00
img_3768.npy,0.71,22.96
img_3769.npy,0.70,24.13
img_377.npy,0.69,21.79
img_3770.npy,0.62,21.92
img_3771.npy,0.65,22.61
img_3772.npy,0.62,24.16
img_3773.npy,0.66,22.60
img_3774.npy,0.83,24.48
img_3775.npy,0.69,22.62
img_3776.npy,0.64,22.59
img_3777.npy,0.67,24.66
img_3778.npy,0.61,22.98
img_3779.npy,0.77,22.01
img_378.npy,0.56,24.90
img_3780.npy,0.71,21.73
img_3781.npy,0.66,21.99
img_3782.npy,0.69,23.88
img_3783.npy,0.68,23.78
img_3784.npy,0.66,22.06
img_3785.npy,0.61,22.31
img_3786.npy,0.69,23.64
img_3787.npy,0.68,22.89
img_3788.npy,0.62,22.04
img_3789.npy,0.76,22.30
img_379.npy,0.65,22.80
img_3790.npy,0.64,23.45
img_3791.npy,0.73,23.50
img_3792.npy,0.77,23.70
img_3793.npy,0.62,23.02
img_3794.npy,0.63,23.39
img_3795.npy,0.62,22.45
img_3796.npy,0.67,24.08
img_3797.npy,0.60,24.13
img_3798.npy,0.59,23.84
img_3799.npy,0.77,23.73
img_38.npy,0.64,23.48
img_380.npy,0.51,24.93
img_3800.npy,0.60,22.96
img_3801.npy,0.79,21.92
img_3802.npy,0.81,22.53
img_3803.npy,0.76,25.14
img_3804.npy,0.77,23.50
img_3805.npy,0.73,22.33
img_3806.npy,0.85,25.07
img_3807.npy,0.76,24.93
img_3808.npy,0.74,22.74
img_3809.npy,0.74,22.29
img_381.npy,0.80,25.07
img_3810.npy,0.65,24.73
img_3811.npy,0.70,23.82
img_3812.npy,0.72,23.78
img_3813.npy,0.76,21.71
img_3814.npy,0.69,23.57
img_3815.npy,0.68,23.62
img_3816.npy,0.64,23.05
img_3817.npy,0.57,23.94
img_3818.npy,0.66,23.71
img_3819.npy,0.76,23.43
img_382.npy,0.62,23.59
img_3820.npy,0.70,22.63
img_3821.npy,0.74,23.37
img_3822.npy,0.62,23.57
img_3823.npy,0.62,22.78
img_3824.npy,0.74,22.13
img_3825.npy,0.75,24.83
img_3826.npy,0.79,23.95
img_3827.npy,0.62,24.34
img_3828.npy,0.72,24.21
img_3829.npy,0.87,24.70
img_383.npy,0.64,22.62
img_3830.npy,0.68,21.99
img_3831.npy,0.60,22.37
img_3832.npy,0.85,23.35
img_3833.npy,0.71,23.51
img_3834.npy,0.80,24.89
img_3835.npy,0.82,24.79
img_3836.npy,0.77,22.89
img_3837.npy,0.82,23.52
img_3838.npy,0.66,22.91
img_3839.npy,0.62,23.79
img_384.npy,0.65,23.87
img_3840.npy,0.69,22.95
img_3841.npy,0.69,24.66
img_3842.npy,0.79,22.39
img_3843.npy,0.72,22.76
img_3844.npy,0.80,23.90
img_3845.npy,0.70,24.07
img_3846.npy,0.80,22.23
img_3847.npy,0.77,23.38
img_3848.npy,0.71,23.93
img_3849.npy,0.57,22.52
img_385.npy,0.66,22.14
img_3850.npy,0.95,20.93
img_3851.npy,1.03,22.53
img_3852.npy,0.82,24.41
img_3853.npy,0.69,22.69
img_3854.npy,0.71,23.21
img_3855.npy,0.92,21.95
img_3856.npy,0.74,23.59
img_3857.npy,0.81,23.33
img_3858.npy,0.70,22.11
img_3859.npy,0.65,23.28
img_386.npy,0.79,23.01
img_3860.npy,0.70,22.46
img_3861.npy,0.81,24.24
img_3862.npy,0.79,22.79
img_3863.npy,0.81,22.04
img_3864.npy,0.76,23.76
img_3865.npy,0.82,24.01
img_3866.npy,0.80,23.37
img_3867.npy,0.71,22.28
img_3868.npy,0.73,22.54
img_3869.npy,0.77,23.89
img_387.npy,0.61,21.39
img_3870.npy,0.60,23.42
img_3871.npy,0.77,23.62
img_3872.npy,0.78,23.86
img_3873.npy,0.85,23.88
img_3874.npy,0.63,21.55
img_3875.npy,0.67,23.44
img_3876.npy,0.70,22.34
img_3877.npy,0.84,24.39
img_3878.npy,0.74,23.40
img_3879.npy,0.68,23.24
img_388.npy,0.66,22.49
img_3880.npy,0.82,23.49
img_3881.npy,0.85,24.62
img_3882.npy,0.69,24.06
img_3883.npy,0.83,22.38
img_3884.npy,0.74,23.72
img_3885.npy,0.74,23.01
img_3886.npy,0.73,21.71
img_3887.npy,0.77,24.40
img_3888.npy,0.79,24.20
img_3889.npy,0.72,22.19
img_389.npy,0.80,24.21
img_3890.npy,0.74,23.90
img_3891.npy,0.72,23.94
img_3892.npy,0.70,22.90
img_3893.npy,0.64,23.77
img_3894.npy,0.65,24.08
img_3895.npy,0.76,21.87
img_3896.npy,0.72,23.14
img_3897.npy,0.57,24.77
img_3898.npy,0.64,24.01
img_3899.npy,0.72,23.51
img_39.npy,0.92,23.54
img_390.npy,0.73,22.01
img_3900.npy,0.71,23.00
img_3901.npy,0.73,21.78
img_3902.npy,0.84,24.28
img_3903.npy,0.73,23.58
img_3904.npy,0.73,21.96
img_3905.npy,0.74,24.22
img_3906.npy,0.74,21.31
img_3907.npy,0.69,22.13
img_3908.npy,0.80,23.48
img_3909.npy,0.76,22.87
img_391.npy,0.76,24.94
img_3910.npy,0.78,22.74
img_3911.npy,0.74,23.68
img_3912.npy,0.77,24.48
img_3913.npy,0.95,22.46
img_3914.npy,0.81,23.12
img_3915.npy,0.63,24.52
img_3916.npy,0.74,23.25
img_3917.npy,0.80,23.98
img_3918.npy,0.88,24.18
img_3919.npy,0.63,25.05
img_392.npy,0.62,23.02
img_3920.npy,0.69,23.95
img_3921.npy,0.77,23.29
img_3922.npy,0.71,24.24
img_3923.npy,0.61,24.16
img_3924.npy,0.81,23.20
img_3925.npy,0.67,23.76
img_3926.npy,0.71,22.16
img_3927.npy,0.71,24.16
img_3928.npy,0.77,22.63
img_3929.npy,0.81,21.93
img_393.npy,0.72,23.22
img_3930.npy,0.74,23.48
img_3931.npy,0.66,23.81
img_3932.npy,0.67,23.37
img_3933.npy,0.68,24.09
img_3934.npy,0.63,21.67
img_3935.npy,0.64,23.12
img_3936.npy,0.74,22.41
img_3937.npy,0.70,22.79
img_3938.npy,0.84,23.70
img_3939.npy,0.81,23.51
img_394.npy,0.79,22.98
img_3940.npy,0.86,24.04
img_3941.npy,0.69,23.01
img_3942.npy,0.79,24.54
img_3943.npy,0.68,23.44
img_3944.npy,0.72,25.37
img_3945.npy,0.75,22.79
img_3946.npy,0.71,24.07
img_3947.npy,0.82,22.06
img_3948.npy,0.63,23.93
img_3949.npy,0.78,26.27
img_395.npy,0.78,23.29
img_3950.npy,0.76,23.25
img_3951.npy,0.74,23.62
img_3952.npy,0.69,22.23
img_3953.npy,0.78,23.58
img_3954.npy,0.62,21.78
img_3955.npy,0.75,24.83
img_3956.npy,0.99,23.03
img_3957.npy,0.73,22.46
img_3958.npy,0.68,23.58
img_3959.npy,0.63,23.05
img_396.npy,0.79,23.31
img_3960.npy,0.65,23.77
img_3961.npy,0.72,24.08
img_3962.npy,0.69,22.83
img_3963.npy,0.73,24.23
img_3964.npy,0.75,23.41
img_3965.npy,0.70,22.71
img_3966.npy,0.73,23.64
img_3967.npy,0.70,24.22
img_3968.npy,0.77,23.62
img_3969.npy,0.74,23.43
img_397.npy,0.77,23.79
img_3970.npy,0.78,23.05
img_3971.npy,0.67,23.61
img_3972.npy,0.62,23.47
img_3973.npy,0.79,22.68
img_3974.npy,0.75,22.13
img_3975.npy,0.78,23.75
img_3976.npy,1.02,23.07
img_3977.npy,0.96,24.01
img_3978.npy,0.64,22.93
img_3979.npy,0.73,22.12
img_398.npy,0.83,22.67
img_3980.npy,0.78,22.90
img_3981.npy,0.63,23.97
img_3982.npy,0.57,23.25
img_3983.npy,0.75,22.39
img_3984.npy,0.77,23.41
img_3985.npy,0.66,24.39
img_3986.npy,0.82,23.16
img_3987.npy,0.90,24.22
img_3988.npy,0.73,24.01
img_3989.npy,0.74,24.14
img_399.npy,0.77,23.63
img_3990.npy,0.76,24.35
img_3991.npy,0.68,24.29
img_3992.npy,0.75,24.92
img_3993.npy,0.82,22.69
img_3994.npy,0.82,25.34
img_3995.npy,0.63,23.82
img_3996.npy,0.71,23.36
img_3997.npy,0.72,24.22
img_3998.npy,0.77,24.78
img_3999.npy,0.74,23.02
img_4.npy,0.63,23.86
img_40.npy,0.67,24.03
img_400.npy,0.96,21.34
img_4000.npy,0.84,24.00
img_4001.npy,0.75,24.00
img_4002.npy,0.65,22.98
img_4003.npy,0.83,24.44
img_4004.npy,0.83,24.31
img_4005.npy,0.78,23.31
img_4006.npy,0.79,23.65
img_4007.npy,0.59,22.22
img_4008.npy,0.65,22.81
img_4009.npy,0.67,22.15
img_401.npy,0.79,23.93
img_4010.npy,0.73,24.03
img_4011.npy,0.71,23.90
img_4012.npy,0.69,22.14
img_4013.npy,0.74,22.07
img_4014.npy,0.72,24.60
img_4015.npy,0.65,24.99
img_4016.npy,0.66,23.06
img_4017.npy,0.89,23.48
img_4018.npy,0.77,23.29
img_4019.npy,0.79,23.69
img_402.npy,0.77,23.26
img_4020.npy,0.58,24.20
img_4021.npy,0.75,23.20
img_4022.npy,0.81,23.07
img_4023.npy,0.74,22.80
img_4024.npy,0.76,23.00
img_4025.npy,0.58,21.99
img_4026.npy,0.96,23.91
img_4027.npy,0.69,22.90
img_4028.npy,0.63,24.18
img_4029.npy,0.74,23.64
img_403.npy,0.79,23.16
img_4030.npy,0.76,23.62
img_4031.npy,0.83,23.44
img_4032.npy,0.73,23.52
img_4033.npy,0.74,22.13
img_4034.npy,0.74,22.11
img_4035.npy,0.78,24.95
img_4036.npy,0.63,24.23
img_4037.npy,0.75,22.48
img_4038.npy,0.67,22.06
img_4039.npy,0.77,23.38
img_404.npy,0.75,22.17
img_4040.npy,0.91,23.49
img_4041.npy,0.67,24.04
img_4042.npy,0.64,23.23
img_4043.npy,0.59,21.78
img_4044.npy,0.71,22.55
img_4045.npy,0.72,23.37
img_4046.npy,0.76,22.77
img_4047.npy,0.56,23.07
img_4048.npy,0.79,22.07
img_4049.npy,0.72,24.18
img_405.npy,0.63,22.60
img_4050.npy,0.68,23.65
img_4051.npy,0.79,22.11
img_4052.npy,0.84,23.04
img_4053.npy,0.64,24.05
img_4054.npy,0.63,24.31
img_4055.npy,0.66,22.60
img_4056.npy,0.84,22.96
img_4057.npy,0.77,23.58
img_4058.npy,0.86,21.99
img_4059.npy,0.82,22.52
img_406.npy,0.60,25.11
img_4060.npy,0.70,24.45
img_4061.npy,0.65,23.36
img_4062.npy,0.71,23.70
img_4063.npy,0.66,23.86
img_4064.npy,0.65,22.59
img_4065.npy,0.77,22.21
img_4066.npy,0.77,23.27
img_4067.npy,0.68,22.57
img_4068.npy,0.82,23.59
img_4069.npy,0.75,22.11
img_407.npy,0.65,23.13
img_4070.npy,0.79,22.83
img_4071.npy,0.81,23.89
img_4072.npy,0.69,23.38
img_4073.npy,0.65,21.91
img_4074.npy,0.75,23.01
img_4075.npy,0.76,22.97
img_4076.npy,0.81,23.48
img_4077.npy,0.68,23.39
img_4078.npy,0.65,25.48
img_4079.npy,0.77,23.37
img_408.npy,0.84,24.81
img_4080.npy,0.75,23.99
img_4081.npy,0.67,22.90
img_4082.npy,0.67,22.03
img_4083.npy,0.80,22.36
img_4084.npy,0.82,23.33
img_4085.npy,0.64,23.73
img_4086.npy,0.68,23.93
img_4087.npy,0.79,22.39
img_4088.npy,0.89,23.21
img_4089.npy,0.74,23.88
img_409.npy,0.65,24.00
img_4090.npy,0.58,23.49
img_4091.npy,0.69,23.72
img_4092.npy,0.68,23.57
img_4093.npy,0.59,22.62
img_4094.npy,0.70,22.69
img_4095.npy,0.56,22.55
img_4096.npy,0.76,23.52
img_4097.npy,0.71,22.18
img_4098.npy,0.78,23.32
img_4099.npy,0.76,22.41
img_41.npy,0.76,23.28
img_410.npy,0.62,24.01
img_4100.npy,0.75,22.82
img_4101.npy,0.62,23.39
img_4102.npy,0.75,23.76
img_4103.npy,0.64,23.00
img_4104.npy,0.74,23.85
img_4105.npy,0.67,23.35
img_4106.npy,0.87,21.27
img_4107.npy,0.72,23.45
img_4108.npy,0.70,24.61
img_4109.npy,0.68,22.47
img_411.npy,0.71,23.09
img_4110.npy,0.76,24.77
img_4111.npy,0.64,24.02
img_4112.npy,0.63,24.03
img_4113.npy,0.52,22.26
img_4114.npy,0.71,22.11
img_4115.npy,0.79,22.63
img_4116.npy,0.73,23.43
img_4117.npy,0.67,21.62
img_4118.npy,0.68,22.07
img_4119.npy,0.78,24.70
img_412.npy,0.63,24.83
img_4120.npy,0.59,23.10
img_4121.npy,0.75,25.09
img_4122.npy,0.68,23.10
img_4123.npy,0.73,23.62
img_4124.npy,0.72,22.25
img_4125.npy,0.75,23.44
img_4126.npy,0.88,25.02
img_4127.npy,0.77,22.66
img_4128.npy,0.77,22.24
img_4129.npy,0.61,22.77
img_413.npy,0.68,24.01
img_4130.npy,0.64,21.95
img_4131.npy,0.65,22.95
img_4132.npy,0.73,23.23
img_4133.npy,0.77,23.92
img_4134.npy,0.80,24.11
img_4135.npy,0.78,24.24
img_4136.npy,0.67,22.35
img_4137.npy,0.74,23.80
img_4138.npy,0.71,23.59
img_4139.npy,0.73,23.95
img_414.npy,0.91,24.87
img_4140.npy,0.68,22.32
img_4141.npy,0.83,23.86
img_4142.npy,0.69,24.32
img_4143.npy,0.79,23.61
img_4144.npy,0.81,24.12
img_4145.npy,0.74,23.76
img_4146.npy,0.83,22.95
img_4147.npy,0.89,23.48
img_4148.npy,0.78,24.03
img_4149.npy,0.70,24.18
img_415.npy,0.71,23.55
img_4150.npy,0.79,22.12
img_4151.npy,0.84,22.79
img_4152.npy,0.74,22.30
img_4153.npy,0.59,23.61
img_4154.npy,0.69,22.44
img_4155.npy,0.84,22.79
img_4156.npy,0.74,23.95
img_4157.npy,0.62,22.74
img_4158.npy,0.63,22.66
img_4159.npy,0.71,24.10
img_416.npy,0.67,23.14
img_4160.npy,0.74,23.59
img_4161.npy,0.73,23.84
img_4162.npy,0.75,23.83
img_4163.npy,0.68,22.71
img_4164.npy,0.82,23.65
img_4165.npy,0.74,23.74
img_4166.npy,0.80,23.16
img_4167.npy,0.60,22.35
img_4168.npy,0.58,23.32
img_4169.npy,0.63,24.61
img_417.npy,0.75,23.39
img_4170.npy,0.75,21.41
img_4171.npy,0.73,23.54
img_4172.npy,0.75,22.79
img_4173.npy,0.83,22.45
img_4174.npy,0.76,22.95
img_4175.npy,0.69,23.16
img_4176.npy,0.64,23.91
img_4177.npy,0.73,22.01
img_4178.npy,0.81,22.12
img_4179.npy,0.70,23.85
img_418.npy,0.73,23.73
img_4180.npy,0.91,24.00
img_4181.npy,0.67,23.84
img_4182.npy,0.81,23.20
img_4183.npy,0.68,23.54
img_4184.npy,0.83,24.72
img_4185.npy,0.78,24.16
img_4186.npy,0.69,24.39
img_4187.npy,0.67,24.29
img_4188.npy,0.66,24.30
img_4189.npy,0.71,23.25
img_419.npy,0.70,22.21
img_4190.npy,0.69,23.68
img_4191.npy,0.69,23.56
img_4192.npy,0.81,24.14
img_4193.npy,0.67,23.78
img_4194.npy,0.71,23.38
img_4195.npy,0.66,23.58
img_4196.npy,0.70,23.35
img_4197.npy,0.68,24.00
img_4198.npy,0.84,23.50
img_4199.npy,0.73,23.66
img_42.npy,0.73,23.80
img_420.npy,0.67,24.12
img_4200.npy,0.83,23.77
img_4201.npy,0.73,24.59
img_4202.npy,0.81,24.23
img_4203.npy,0.76,25.02
img_4204.npy,0.84,23.78
img_4205.npy,0.85,24.58
img_4206.npy,0.70,23.75
img_4207.npy,0.71,22.15
img_4208.npy,0.71,23.68
img_4209.npy,0.68,24.24
img_421.npy,0.69,22.86
img_4210.npy,0.77,23.34
img_4211.npy,0.77,23.29
img_4212.npy,0.61,22.30
img_4213.npy,0.68,21.45
img_4214.npy,0.76,23.50
img_4215.npy,0.75,24.86
img_4216.npy,0.73,23.52
img_4217.npy,0.79,24.20
img_4218.npy,0.56,24.30
img_4219.npy,0.68,23.83
img_422.npy,0.63,22.85
img_4220.npy,0.82,22.12
img_4221.npy,0.91,25.10
img_4222.npy,0.82,24.73
img_4223.npy,0.74,24.74
img_4224.npy,0.63,22.92
img_4225.npy,0.61,22.61
img_4226.npy,0.72,21.91
img_4227.npy,0.58,22.62
img_4228.npy,0.66,22.79
img_4229.npy,0.84,25.12
img_423.npy,0.74,23.18
img_4230.npy,0.80,23.79
img_4231.npy,0.65,23.94
img_4232.npy,0.64,23.79
img_4233.npy,0.80,23.13
img_4234.npy,0.86,24.08
img_4235.npy,0.72,24.93
img_4236.npy,0.71,23.07
img_4237.npy,0.75,22.06
img_4238.npy,0.75,24.73
img_4239.npy,0.67,24.62
img_424.npy,0.71,23.21
img_4240.npy,0.60,24.47
img_4241.npy,0.68,23.31
img_4242.npy,0.68,23.41
img_4243.npy,0.72,22.26
img_4244.npy,0.73,23.77
img_4245.npy,0.69,23.66
img_4246.npy,0.69,23.56
img_4247.npy,0.87,21.98
img_4248.npy,0.75,22.27
img_4249.npy,0.71,22.75
img_425.npy,0.60,22.99
img_4250.npy,0.67,23.86
img_4251.npy,0.72,22.46
img_4252.npy,0.68,23.46
img_4253.npy,0.67,22.80
img_4254.npy,0.73,22.91
img_4255.npy,0.68,22.79
img_4256.npy,0.78,24.73
img_4257.npy,0.74,23.47
img_4258.npy,0.76,23.66
img_4259.npy,0.58,21.91
img_426.npy,0.66,23.52
img_4260.npy,0.65,22.99
img_4261.npy,0.72,23.37
img_4262.npy,0.67,23.27
img_4263.npy,0.76,24.04
img_4264.npy,0.56,24.14
img_4265.npy,0.66,21.62
img_4266.npy,0.95,23.53
img_4267.npy,0.74,24.10
img_4268.npy,0.81,23.48
img_4269.npy,0.64,23.04
img_427.npy,0.65,24.23
img_4270.npy,0.66,23.45
img_4271.npy,0.69,24.93
img_4272.npy,0.67,22.86
img_4273.npy,0.59,24.91
img_4274.npy,0.55,22.89
img_4275.npy,0.65,24.02
img_4276.npy,0.60,22.11
img_4277.npy,0.70,23.00
img_4278.npy,0.67,24.02
img_4279.npy,0.78,24.46
img_428.npy,0.71,24.10
img_4280.npy,0.73,23.50
img_4281.npy,0.75,24.11
img_4282.npy,0.70,24.40
img_4283.npy,0.57,23.44
img_4284.npy,0.60,22.36
img_4285.npy,0.62,22.83
img_4286.npy,0.73,24.32
img_4287.npy,0.75,23.48
img_4288.npy,0.63,23.38
img_4289.npy,0.70,23.27
img_429.npy,0.66,23.74
img_4290.npy,0.74,23.15
img_4291.npy,0.71,22.40
img_4292.npy,0.83,25.20
img_4293.npy,0.72,23.02
img_4294.npy,0.72,23.72
img_4295.npy,0.76,22.23
img_4296.npy,0.76,24.12
img_4297.npy,0.69,23.73
img_4298.npy,0.69,25.19
img_4299.npy,0.71,23.70
img_43.npy,0.72,23.71
img_430.npy,0.68,23.45
img_4300.npy,0.65,22.43
img_4301.npy,0.70,22.25
img_4302.npy,0.82,23.25
img_4303.npy,0.74,22.25
img_4304.npy,0.75,22.32
img_4305.npy,0.70,23.05
img_4306.npy,0.69,23.25
img_4307.npy,0.78,24.98
img_4308.npy,0.70,23.88
img_4309.npy,0.72,23.88
img_431.npy,0.78,24.46
img_4310.npy,0.99,23.85
img_4311.npy,0.69,24.39
img_4312.npy,0.62,24.21
img_4313.npy,0.65,21.46
img_4314.npy,0.60,23.12
img_4315.npy,0.73,22.34
img_4316.npy,0.64,23.61
img_4317.npy,0.81,23.55
img_4318.npy,0.64,23.36
img_4319.npy,0.59,23.06
img_432.npy,0.79,23.06
img_4320.npy,0.82,22.89
img_4321.npy,0.70,23.63
img_4322.npy,0.60,23.64
img_4323.npy,0.67,22.56
img_4324.npy,0.65,24.05
img_4325.npy,0.65,24.16
img_4326.npy,0.67,22.34
img_4327.npy,0.70,24.21
img_4328.npy,0.64,24.05
img_4329.npy,0.74,23.55
img_433.npy,0.66,24.79
img_4330.npy,0.81,23.62
img_4331.npy,0.81,22.96
img_4332.npy,0.67,23.48
img_4333.npy,0.66,23.29
img_4334.npy,0.72,22.89
img_4335.npy,0.69,24.32
img_4336.npy,0.68,24.01
img_4337.npy,0.66,24.15
img_4338.npy,0.71,23.09
img_4339.npy,0.73,23.77
img_434.npy,0.65,23.81
img_4340.npy,0.67,23.84
img_4341.npy,0.68,23.37
img_4342.npy,0.58,23.23
img_4343.npy,0.65,24.90
img_4344.npy,0.84,24.49
img_4345.npy,0.60,22.28
img_4346.npy,0.67,24.07
img_4347.npy,0.58,22.90
img_4348.npy,0.64,21.64
img_4349.npy,0.64,23.02
img_435.npy,0.71,24.02
img_4350.npy,0.80,23.64
img_4351.npy,0.68,23.93
img_4352.npy,0.68,22.76
img_4353.npy,0.69,22.22
img_4354.npy,0.71,21.92
img_4355.npy,0.72,24.81
img_4356.npy,0.68,22.18
img_4357.npy,0.81,22.68
img_4358.npy,0.93,24.33
img_4359.npy,0.74,22.76
img_436.npy,0.68,22.69
img_4360.npy,0.63,23.02
img_4361.npy,0.77,24.16
img_4362.npy,0.73,24.93
img_4363.npy,0.66,21.92
img_4364.npy,0.65,23.95
img_4365.npy,0.65,23.23
img_4366.npy,0.69,23.89
img_4367.npy,0.79,22.23
img_4368.npy,0.86,23.52
img_4369.npy,0.76,24.23
img_437.npy,0.69,21.85
img_4370.npy,0.77,23.19
img_4371.npy,0.71,24.07
img_4372.npy,0.70,24.34
img_4373.npy,0.62,23.82
img_4374.npy,0.67,23.78
img_4375.npy,0.69,24.93
img_4376.npy,0.74,23.94
img_4377.npy,0.71,22.91
img_4378.npy,0.61,22.54
img_4379.npy,0.58,23.99
img_438.npy,0.71,24.48
img_4380.npy,0.66,23.08
img_4381.npy,0.66,23.86
img_4382.npy,0.64,23.25
img_4383.npy,0.69,24.75
img_4384.npy,0.69,23.78
img_4385.npy,0.76,22.80
img_4386.npy,0.73,23.85
img_4387.npy,0.64,24.38
img_4388.npy,0.69,24.54
img_4389.npy,0.61,25.14
img_439.npy,0.67,24.04
img_4390.npy,0.71,23.93
img_4391.npy,0.51,23.20
img_4392.npy,0.68,22.84
img_4393.npy,0.64,23.82
img_4394.npy,0.77,24.30
img_4395.npy,0.66,22.80
img_4396.npy,0.66,23.36
img_4397.npy,0.69,22.98
img_4398.npy,0.71,23.73
img_4399.npy,0.77,24.50
img_44.npy,0.71,23.68
img_440.npy,0.62,22.79
img_4400.npy,0.57,23.21
img_4401.npy,0.67,24.89
img_4402.npy,0.64,24.74
img_4403.npy,0.78,24.83
img_4404.npy,0.84,23.18
img_4405.npy,0.85,23.07
img_4406.npy,0.74,23.02
img_4407.npy,0.83,23.41
img_4408.npy,0.84,23.33
img_4409.npy,0.85,22.61
img_441.npy,0.72,22.69
img_4410.npy,0.72,22.34
img_4411.npy,0.73,24.07
img_4412.npy,0.64,23.88
img_4413.npy,0.76,24.77
img_4414.npy,0.73,22.29
img_4415.npy,0.77,23.63
img_4416.npy,0.82,23.30
img_4417.npy,0.73,24.59
img_4418.npy,0.76,23.17
img_4419.npy,0.67,23.12
img_442.npy,0.78,22.34
img_4420.npy,0.64,23.67
img_4421.npy,0.68,23.98
img_4422.npy,0.68,24.07
img_4423.npy,0.74,21.94
img_4424.npy,0.87,23.65
img_4425.npy,0.84,23.88
img_4426.npy,0.70,23.53
img_4427.npy,0.62,23.62
img_4428.npy,0.56,23.66
img_4429.npy,0.70,23.42
img_443.npy,0.65,23.50
img_4430.npy,0.80,24.04
img_4431.npy,0.67,21.85
img_4432.npy,0.81,23.50
img_4433.npy,0.83,24.83
img_4434.npy,0.76,22.81
img_4435.npy,0.69,24.72
img_4436.npy,0.67,23.25
img_4437.npy,0.62,23.90
img_4438.npy,0.70,21.57
img_4439.npy,0.55,23.53
img_444.npy,0.66,22.32
img_4440.npy,0.64,23.77
img_4441.npy,0.55,23.97
img_4442.npy,0.63,22.05
img_4443.npy,0.78,23.41
img_4444.npy,0.72,23.62
img_4445.npy,0.61,24.23
img_4446.npy,0.61,21.62
img_4447.npy,0.67,23.05
img_4448.npy,0.68,23.23
img_4449.npy,0.59,23.68
img_445.npy,0.59,23.76
img_4450.npy,0.77,23.21
img_4451.npy,0.78,24.72
img_4452.npy,0.68,23.38
img_4453.npy,0.79,21.24
img_4454.npy,0.73,22.38
img_4455.npy,0.79,22.33
img_4456.npy,0.62,25.01
img_4457.npy,0.67,22.25
img_4458.npy,0.64,24.44
img_4459.npy,0.60,25.08
img_446.npy,0.66,22.48
img_4460.npy,0.74,24.49
img_4461.npy,0.56,24.03
img_4462.npy,0.68,23.59
img_4463.npy,0.61,23.12
img_4464.npy,0.68,22.97
img_4465.npy,0.59,22.45
img_4466.npy,0.76,23.57
img_4467.npy,0.79,22.70
img_4468.npy,0.75,24.20
img_4469.npy,0.70,23.19
img_447.npy,0.61,22.42
img_4470.npy,0.73,22.96
img_4471.npy,0.74,22.00
img_4472.npy,0.73,21.79
img_4473.npy,0.69,22.91
img_4474.npy,0.70,24.52
img_4475.npy,0.68,22.08
img_4476.npy,0.77,21.44
img_4477.npy,0.67,25.10
img_4478.npy,0.79,22.12
img_4479.npy,0.68,22.15
img_448.npy,0.68,23.13
img_4480.npy,0.70,23.07
img_4481.npy,0.79,24.45
img_4482.npy,0.72,24.12
img_4483.npy,0.66,24.76
img_4484.npy,0.68,22.86
img_4485.npy,0.66,23.22
img_4486.npy,0.70,22.89
img_4487.npy,0.72,24.04
img_4488.npy,0.68,23.46
img_4489.npy,0.74,23.01
img_449.npy,0.79,22.44
img_4490.npy,0.81,21.44
img_4491.npy,0.78,24.16
img_4492.npy,0.67,23.87
img_4493.npy,0.66,23.54
img_4494.npy,0.78,22.88
img_4495.npy,0.69,24.08
img_4496.npy,0.68,24.07
img_4497.npy,0.74,22.04
img_4498.npy,0.67,23.37
img_4499.npy,0.76,23.88
img_45.npy,1.18,22.20
img_450.npy,0.83,23.07
img_4500.npy,0.71,23.42
img_4501.npy,0.73,21.85
img_4502.npy,0.72,22.70
img_4503.npy,0.79,22.83
img_4504.npy,0.71,24.26
img_4505.npy,0.67,23.93
img_4506.npy,0.68,23.99
img_4507.npy,0.71,23.74
img_4508.npy,0.78,23.98
img_4509.npy,0.76,23.43
img_451.npy,0.83,22.64
img_4510.npy,0.63,21.73
img_4511.npy,0.64,24.11
img_4512.npy,0.68,23.06
img_4513.npy,0.82,23.13
img_4514.npy,0.74,22.27
img_4515.npy,0.69,22.39
img_4516.npy,0.65,22.98
img_4517.npy,0.78,23.87
img_4518.npy,0.61,23.11
img_4519.npy,0.69,25.41
img_452.npy,0.66,23.54
img_4520.npy,0.81,24.30
img_4521.npy,0.80,23.55
img_4522.npy,0.73,22.50
img_4523.npy,0.70,22.90
img_4524.npy,0.67,24.16
img_4525.npy,0.62,23.54
img_4526.npy,0.67,21.70
img_4527.npy,0.78,23.38
img_4528.npy,0.76,21.34
img_4529.npy,0.82,23.89
img_453.npy,0.75,23.99
img_4530.npy,0.83,23.89
img_4531.npy,0.72,22.59
img_4532.npy,0.76,22.32
img_4533.npy,0.69,23.86
img_4534.npy,0.75,22.05
img_4535.npy,0.76,24.89
img_4536.npy,0.77,22.07
img_4537.npy,0.75,25.92
img_4538.npy,0.76,24.79
img_4539.npy,0.73,23.02
img_454.npy,0.76,22.91
img_4540.npy,0.58,23.40
img_4541.npy,0.68,24.09
img_4542.npy,0.68,22.80
img_4543.npy,0.75,23.93
img_4544.npy,0.73,23.39
img_4545.npy,0.75,23.79
img_4546.npy,0.96,23.79
img_4547.npy,0.63,24.84
img_4548.npy,0.70,23.31
img_4549.npy,0.69,23.39
img_455.npy,0.60,22.75
img_4550.npy,0.61,24.77
img_4551.npy,0.53,22.93
img_4552.npy,0.70,23.07
img_4553.npy,0.70,23.62
img_4554.npy,0.76,24.15
img_4555.npy,0.72,22.05
img_4556.npy,0.69,24.32
img_4557.npy,0.75,23.13
img_4558.npy,0.70,24.38
img_4559.npy,0.66,24.13
img_456.npy,0.68,23.73
img_4560.npy,0.65,23.78
img_4561.npy,0.76,23.72
img_4562.npy,0.74,23.43
img_4563.npy,0.78,22.59
img_4564.npy,0.68,24.49
img_4565.npy,0.69,24.04
img_4566.npy,0.79,23.19
img_4567.npy,0.66,24.29
img_4568.npy,0.64,23.84
img_4569.npy,0.68,23.14
img_457.npy,0.75,24.02
img_4570.npy,0.59,22.79
img_4571.npy,0.56,24.10
img_4572.npy,0.59,22.92
img_4573.npy,0.64,22.95
img_4574.npy,0.57,23.95
img_4575.npy,0.67,23.33
img_4576.npy,0.68,23.37
img_4577.npy,0.69,23.98
img_4578.npy,0.70,24.50
img_4579.npy,0.66,23.30
img_458.npy,0.65,22.65
img_4580.npy,0.66,24.11
img_4581.npy,0.55,24.14
img_4582.npy,0.59,22.37
img_4583.npy,0.54,24.06
img_4584.npy,0.51,23.95
img_4585.npy,0.70,24.25
img_4586.npy,0.72,23.82
img_4587.npy,0.67,23.22
img_4588.npy,0.66,22.97
img_4589.npy,0.65,23.05
img_459.npy,0.55,24.14
img_4590.npy,0.57,21.86
img_4591.npy,0.74,24.47
img_4592.npy,0.69,23.83
img_4593.npy,0.60,23.73
img_4594.npy,0.57,22.88
img_4595.npy,0.62,23.90
img_4596.npy,0.64,23.38
img_4597.npy,0.63,24.05
img_4598.npy,0.67,24.92
img_4599.npy,0.90,24.79
img_46.npy,0.57,23.84
img_460.npy,0.60,22.42
img_4600.npy,0.69,23.21
img_4601.npy,0.61,24.15
img_4602.npy,0.66,24.00
img_4603.npy,0.68,23.23
img_4604.npy,0.75,22.02
img_4605.npy,0.67,23.78
img_4606.npy,0.60,23.92
img_4607.npy,0.65,24.36
img_4608.npy,0.59,24.33
img_4609.npy,0.62,21.92
img_461.npy,0.66,23.82
img_4610.npy,0.59,23.52
img_4611.npy,0.57,22.89
img_4612.npy,0.63,23.31
img_4613.npy,0.65,24.90
img_4614.npy,0.54,24.88
img_4615.npy,0.71,24.00
img_4616.npy,0.62,23.79
img_4617.npy,0.55,23.70
img_4618.npy,0.66,22.05
img_4619.npy,0.68,22.69
img_462.npy,0.60,23.61
img_4620.npy,0.62,24.15
img_4621.npy,0.63,23.83
img_4622.npy,0.65,23.99
img_4623.npy,0.60,23.11
img_4624.npy,0.71,23.29
img_4625.npy,0.76,24.74
img_4626.npy,0.75,24.28
img_4627.npy,0.56,24.05
img_4628.npy,0.60,23.79
img_4629.npy,0.56,23.23
img_463.npy,0.54,24.99
img_4630.npy,0.58,23.21
img_4631.npy,0.59,23.03
img_4632.npy,0.70,23.78
img_4633.npy,0.68,24.18
img_4634.npy,0.64,23.33
img_4635.npy,0.66,22.65
img_4636.npy,0.68,23.00
img_4637.npy,0.64,24.12
img_4638.npy,0.66,24.30
img_4639.npy,0.52,24.19
img_464.npy,0.73,23.89
img_4640.npy,0.59,22.41
img_4641.npy,0.62,20.54
img_4642.npy,0.62,21.67
img_4643.npy,0.76,24.49
img_4644.npy,0.67,23.50
img_4645.npy,0.67,22.29
img_4646.npy,0.79,23.82
img_4647.npy,0.68,23.32
img_4648.npy,0.62,24.14
img_4649.npy,0.66,24.27
img_465.npy,0.63,23.34
img_4650.npy,0.61,23.72
img_4651.npy,0.62,25.11
img_4652.npy,0.80,22.27
img_4653.npy,0.88,22.12
img_4654.npy,0.77,22.63
img_4655.npy,0.64,22.88
img_4656.npy,0.68,23.45
img_4657.npy,0.70,24.28
img_4658.npy,0.66,23.48
img_4659.npy,0.68,22.42
img_466.npy,0.66,23.82
img_4660.npy,0.61,23.88
img_4661.npy,0.70,24.49
img_4662.npy,0.68,21.81
img_4663.npy,0.60,22.93
img_4664.npy,0.68,23.16
img_4665.npy,0.78,21.93
img_4666.npy,0.69,22.59
img_4667.npy,0.77,22.20
img_4668.npy,0.60,23.80
img_4669.npy,0.68,24.03
img_467.npy,0.62,22.50
img_4670.npy,0.73,24.08
img_4671.npy,0.69,23.66
img_4672.npy,0.72,23.48
img_4673.npy,0.64,25.81
img_4674.npy,0.72,22.63
img_4675.npy,0.68,21.52
img_4676.npy,0.65,22.91
img_4677.npy,0.73,22.74
img_4678.npy,0.74,23.23
img_4679.npy,0.68,24.79
img_468.npy,0.72,23.74
img_4680.npy,0.70,22.14
img_4681.npy,0.66,22.36
img_4682.npy,0.57,25.40
img_4683.npy,0.59,23.31
img_4684.npy,0.64,23.98
img_4685.npy,0.62,25.51
img_4686.npy,0.65,22.91
img_4687.npy,0.76,22.79
img_4688.npy,0.65,24.58
img_4689.npy,0.63,24.05
img_469.npy,0.63,24.10
img_4690.npy,0.69,22.69
img_4691.npy,0.64,23.85
img_4692.npy,0.63,23.04
img_4693.npy,0.66,25.02
img_4694.npy,0.63,22.87
img_4695.npy,0.61,23.68
img_4696.npy,0.54,22.59
img_4697.npy,0.53,22.41
img_4698.npy,0.52,24.19
img_4699.npy,0.55,23.63
img_47.npy,0.56,23.88
img_470.npy,0.71,25.34
img_4700.npy,0.75,25.09
img_4701.npy,0.74,22.82
img_4702.npy,0.78,22.65
img_4703.npy,0.59,23.33
img_4704.npy,0.62,23.80
img_4705.npy,0.64,23.02
img_4706.npy,0.78,23.09
img_4707.npy,0.59,24.19
img_4708.npy,0.73,22.38
img_4709.npy,0.73,23.44
img_471.npy,0.66,23.01
img_4710.npy,0.71,22.48
img_4711.npy,0.68,24.13
img_4712.npy,0.62,22.88
img_4713.npy,0.62,24.66
img_4714.npy,0.58,22.93
img_4715.npy,0.84,23.43
img_4716.npy,0.72,24.73
img_4717.npy,0.60,24.22
img_4718.npy,0.70,23.38
img_4719.npy,0.71,23.51
img_472.npy,0.56,23.93
img_4720.npy,0.56,23.97
img_4721.npy,0.63,22.24
img_4722.npy,0.57,21.55
img_4723.npy,0.61,22.88
img_4724.npy,0.56,23.91
img_4725.npy,0.68,22.61
img_4726.npy,0.67,23.03
img_4727.npy,0.74,24.07
img_4728.npy,0.65,24.20
img_4729.npy,0.60,23.87
img_473.npy,0.62,23.67
img_4730.npy,0.70,23.15
img_4731.npy,0.78,23.34
img_4732.npy,0.66,23.81
img_4733.npy,0.70,24.11
img_4734.npy,0.62,24.96
img_4735.npy,0.73,24.24
img_4736.npy,0.62,23.63
img_4737.npy,0.55,23.16
img_4738.npy,0.55,24.08
img_4739.npy,0.54,23.86
img_474.npy,0.55,23.77
img_4740.npy,0.58,23.91
img_4741.npy,0.61,24.38
img_4742.npy,0.57,23.27
img_4743.npy,0.61,23.92
img_4744.npy,0.65,23.65
img_4745.npy,0.78,23.89
img_4746.npy,0.67,22.92
img_4747.npy,0.57,21.92
img_4748.npy,0.63,23.82
img_4749.npy,0.70,23.71
img_475.npy,0.66,25.10
img_4750.npy,0.68,24.81
img_4751.npy,0.64,22.35
img_4752.npy,0.60,24.72
img_4753.npy,0.61,23.27
img_4754.npy,0.58,23.73
img_4755.npy,0.55,22.95
img_4756.npy,0.66,23.32
img_4757.npy,0.69,23.78
img_4758.npy,0.61,23.04
img_4759.npy,0.61,23.15
img_476.npy,0.75,24.04
img_4760.npy,0.76,23.73
img_4761.npy,0.73,23.40
img_4762.npy,0.91,22.84
img_4763.npy,0.72,23.43
img_4764.npy,0.68,25.69
img_4765.npy,0.60,23.61
img_4766.npy,0.76,23.52
img_4767.npy,0.63,23.79
img_4768.npy,0.68,22.59
img_4769.npy,0.57,22.87
img_477.npy,0.74,24.08
img_4770.npy,0.65,23.57
img_4771.npy,0.73,21.73
img_4772.npy,0.73,22.34
img_4773.npy,0.77,23.87
img_4774.npy,0.75,25.23
img_4775.npy,0.59,23.36
img_4776.npy,0.58,22.72
img_4777.npy,0.58,23.96
img_4778.npy,0.68,23.96
img_4779.npy,0.63,21.93
img_478.npy,0.63,23.98
img_4780.npy,0.65,23.34
img_4781.npy,0.55,22.34
img_4782.npy,0.67,23.23
img_4783.npy,0.73,22.48
img_4784.npy,0.69,23.69
img_4785.npy,0.64,22.81
img_4786.npy,0.54,22.96
img_4787.npy,0.54,23.97
img_4788.npy,0.52,22.99
img_4789.npy,0.55,24.54
img_479.npy,0.70,23.48
img_4790.npy,0.61,23.78
img_4791.npy,0.55,23.36
img_4792.npy,0.55,23.73
img_4793.npy,0.56,23.30
img_4794.npy,0.61,23.26
img_4795.npy,0.53,22.97
img_4796.npy,0.66,23.49
img_4797.npy,0.58,23.45
img_4798.npy,0.60,23.85
img_4799.npy,0.60,23.49
img_48.npy,0.65,22.89
img_480.npy,0.55,23.42
img_4800.npy,0.72,23.35
img_4801.npy,0.70,23.95
img_4802.npy,0.65,22.59
img_4803.npy,0.62,23.61
img_4804.npy,0.68,22.46
img_4805.npy,0.60,21.30
img_4806.npy,0.63,22.80
img_4807.npy,0.62,23.11
img_4808.npy,0.62,24.01
img_4809.npy,0.62,24.08
img_481.npy,0.61,23.66
img_4810.npy,0.59,23.30
img_4811.npy,0.75,24.03
img_4812.npy,0.70,25.06
img_4813.npy,0.56,22.79
img_4814.npy,0.56,25.27
img_4815.npy,0.73,22.21
img_4816.npy,0.56,21.29
img_4817.npy,0.71,23.99
img_4818.npy,0.66,23.80
img_4819.npy,0.89,23.03
img_482.npy,0.62,21.11
img_4820.npy,0.66,24.81
img_4821.npy,0.66,23.78
img_4822.npy,0.69,24.21
img_4823.npy,0.69,23.85
img_4824.npy,0.64,22.95
img_4825.npy,0.57,23.94
img_4826.npy,0.53,23.85
img_4827.npy,0.54,22.25
img_4828.npy,0.55,21.25
img_4829.npy,0.69,22.67
img_483.npy,0.66,23.70
img_4830.npy,0.61,22.71
img_4831.npy,0.81,23.75
img_4832.npy,0.68,23.85
img_4833.npy,0.63,24.27
img_4834.npy,0.63,23.33
img_4835.npy,0.71,24.75
img_4836.npy,0.65,22.98
img_4837.npy,0.64,24.07
img_4838.npy,0.60,23.39
img_4839.npy,0.59,23.67
img_484.npy,0.61,22.76
img_4840.npy,0.72,23.81
img_4841.npy,0.66,23.43
img_4842.npy,0.61,24.31
img_4843.npy,0.68,25.88
img_4844.npy,0.65,23.98
img_4845.npy,0.67,24.45
img_4846.npy,0.61,23.24
img_4847.npy,0.57,24.24
img_4848.npy,0.56,23.07
img_4849.npy,0.57,25.19
img_485.npy,0.66,24.87
img_4850.npy,0.64,23.17
img_4851.npy,0.70,23.22
img_4852.npy,0.70,23.27
img_4853.npy,0.73,24.50
img_4854.npy,0.66,24.18
img_4855.npy,0.62,24.22
img_4856.npy,0.60,23.50
img_4857.npy,0.72,25.21
img_4858.npy,0.65,23.66
img_4859.npy,0.67,23.62
img_486.npy,0.68,22.09
img_4860.npy,0.58,24.24
img_4861.npy,0.68,23.79
img_4862.npy,0.60,23.38
img_4863.npy,0.61,23.38
img_4864.npy,0.62,26.41
img_4865.npy,0.62,25.24
img_4866.npy,0.59,23.65
img_4867.npy,0.61,24.14
img_4868.npy,0.50,24.01
img_4869.npy,0.65,27.39
img_487.npy,0.84,22.96
img_4870.npy,0.70,23.55
img_4871.npy,0.73,22.83
img_4872.npy,0.74,24.18
img_4873.npy,0.76,23.66
img_4874.npy,0.56,24.18
img_4875.npy,0.61,24.50
img_4876.npy,0.78,23.39
img_4877.npy,0.76,23.04
img_4878.npy,0.64,22.43
img_4879.npy,0.55,22.99
img_488.npy,0.55,22.11
img_4880.npy,0.59,23.02
img_4881.npy,0.68,23.93
img_4882.npy,0.69,24.84
img_4883.npy,0.49,23.91
img_4884.npy,0.57,23.02
img_4885.npy,0.68,22.29
img_4886.npy,0.54,23.21
img_4887.npy,0.60,26.27
img_4888.npy,0.66,24.09
img_4889.npy,0.65,22.50
img_489.npy,0.62,23.92
img_4890.npy,0.68,24.74
img_4891.npy,0.76,24.68
img_4892.npy,0.66,25.80
img_4893.npy,0.60,24.60
img_4894.npy,0.54,24.48
img_4895.npy,0.61,23.19
img_4896.npy,0.61,22.52
img_4897.npy,0.57,24.76
img_4898.npy,0.52,23.36
img_4899.npy,0.59,22.69
img_49.npy,0.55,23.89
img_490.npy,0.70,23.55
img_4900.npy,0.54,20.95
img_4901.npy,0.65,23.04
img_4902.npy,0.64,23.08
img_4903.npy,0.68,22.79
img_4904.npy,0.76,24.28
img_4905.npy,0.57,23.62
img_4906.npy,0.63,23.11
img_4907.npy,0.53,22.94
img_4908.npy,0.63,23.71
img_4909.npy,0.57,23.74
img_491.npy,0.64,23.54
img_4910.npy,0.69,21.90
img_4911.npy,0.71,23.39
img_4912.npy,0.70,25.15
img_4913.npy,0.72,23.72
img_4914.npy,0.73,23.62
img_4915.npy,0.58,24.85
img_4916.npy,0.58,22.94
img_4917.npy,0.62,22.66
img_4918.npy,0.57,23.25
img_4919.npy,0.64,24.28
img_492.npy,0.62,24.28
img_4920.npy,0.69,25.80
img_4921.npy,0.63,23.93
img_4922.npy,0.74,22.62
img_4923.npy,0.65,23.75
img_4924.npy,0.68,23.43
img_4925.npy,0.57,23.53
img_4926.npy,0.67,24.51
img_4927.npy,0.69,23.55
img_4928.npy,0.62,24.02
img_4929.npy,0.72,24.11
img_493.npy,0.69,23.42
img_4930.npy,0.64,22.68
img_4931.npy,0.62,24.00
img_4932.npy,0.55,23.35
img_4933.npy,0.66,23.26
img_4934.npy,0.76,23.45
img_4935.npy,0.77,23.16
img_4936.npy,0.74,22.28
img_4937.npy,0.61,23.59
img_4938.npy,0.68,24.98
img_4939.npy,0.76,24.81
img_494.npy,0.67,23.57
img_4940.npy,0.66,23.86
img_4941.npy,0.64,24.03
img_4942.npy,0.63,21.45
img_4943.npy,0.64,23.52
img_4944.npy,0.55,23.51
img_4945.npy,0.54,23.66
img_4946.npy,0.58,22.60
img_4947.npy,0.74,24.82
img_4948.npy,0.67,24.02
img_4949.npy,0.53,24.12
img_495.npy,0.61,21.35
img_4950.npy,0.58,23.97
img_4951.npy,0.65,24.41
img_4952.npy,0.68,22.20
img_4953.npy,0.64,22.78
img_4954.npy,0.65,23.21
img_4955.npy,0.57,23.70
img_4956.npy,0.68,23.84
img_4957.npy,0.70,22.52
img_4958.npy,0.64,22.32
img_4959.npy,0.58,23.42
img_496.npy,0.58,23.02
img_4960.npy,0.73,23.57
img_4961.npy,0.68,23.32
img_4962.npy,0.71,23.02
img_4963.npy,0.72,22.06
img_4964.npy,0.66,26.15
img_4965.npy,0.68,23.91
img_4966.npy,0.67,22.57
img_4967.npy,0.63,23.60
img_4968.npy,0.64,24.17
img_4969.npy,0.72,23.67
img_497.npy,0.63,23.52
img_4970.npy,0.64,23.36
img_4971.npy,0.60,24.79
img_4972.npy,0.67,24.30
img_4973.npy,0.61,23.44
img_4974.npy,0.61,23.37
img_4975.npy,0.56,23.41
img_4976.npy,0.54,22.71
img_4977.npy,0.63,22.62
img_4978.npy,0.66,23.34
img_4979.npy,0.71,25.17
img_498.npy,0.63,23.86
img_4980.npy,0.70,23.60
img_4981.npy,0.66,23.45
img_4982.npy,0.64,23.25
img_4983.npy,0.65,22.75
img_4984.npy,0.66,21.76
img_4985.npy,0.58,23.82
img_4986.npy,0.64,22.12
img_4987.npy,0.60,22.05
img_4988.npy,0.56,22.39
img_4989.npy,0.62,23.03
img_499.npy,0.54,24.03
img_4990.npy,0.53,24.16
img_4991.npy,0.64,23.26
img_4992.npy,0.66,23.71
img_4993.npy,0.82,24.01
img_4994.npy,0.79,22.04
img_4995.npy,0.65,23.31
img_4996.npy,0.67,22.43
img_4997.npy,0.55,24.30
img_4998.npy,0.66,24.00
img_4999.npy,0.71,23.35
img_5.npy,0.68,24.06
img_50.npy,0.56,24.55
img_500.npy,0.64,22.85
img_5000.npy,0.62,22.31
img_5001.npy,0.60,23.71
img_5002.npy,0.62,22.05
img_5003.npy,0.63,23.30
img_5004.npy,0.62,23.84
img_5005.npy,0.60,24.25
img_5006.npy,0.67,23.73
img_5007.npy,0.77,23.32
img_5008.npy,0.63,23.37
img_5009.npy,0.57,23.24
img_501.npy,0.73,24.16
img_5010.npy,0.64,24.44
img_5011.npy,0.56,23.00
img_5012.npy,0.55,22.46
img_5013.npy,0.59,23.29
img_5014.npy,0.56,22.93
img_5015.npy,0.58,23.36
img_5016.npy,0.51,22.56
img_5017.npy,0.63,23.55
img_5018.npy,0.59,24.47
img_5019.npy,0.58,22.22
img_502.npy,0.57,22.34
img_5020.npy,0.68,24.71
img_5021.npy,0.60,23.96
img_5022.npy,0.60,24.04
img_5023.npy,0.65,21.93
img_5024.npy,0.67,23.35
img_5025.npy,0.67,22.46
img_5026.npy,0.61,21.96
img_5027.npy,0.56,22.73
img_5028.npy,0.55,22.57
img_5029.npy,0.60,24.06
img_503.npy,0.71,22.21
img_5030.npy,0.74,24.38
img_5031.npy,0.63,23.94
img_5032.npy,0.54,22.76
img_5033.npy,0.57,21.54
img_5034.npy,0.61,24.56
img_5035.npy,0.65,23.32
img_5036.npy,0.61,22.37
img_5037.npy,0.66,23.74
img_5038.npy,0.65,23.99
img_5039.npy,0.65,24.47
img_504.npy,0.76,24.04
img_5040.npy,0.63,24.95
img_5041.npy,0.73,23.94
img_5042.npy,0.67,24.57
img_5043.npy,0.59,23.96
img_5044.npy,0.71,22.99
img_5045.npy,0.66,24.32
img_5046.npy,0.62,24.15
img_5047.npy,0.66,22.38
img_5048.npy,0.74,24.00
img_5049.npy,0.56,24.11
img_505.npy,0.57,22.72
img_5050.npy,0.62,22.83
img_5051.npy,0.70,23.17
img_5052.npy,0.81,26.21
img_5053.npy,0.72,22.83
img_5054.npy,0.67,21.77
img_5055.npy,0.71,23.19
img_5056.npy,0.66,23.10
img_5057.npy,0.67,26.69
img_5058.npy,0.61,22.16
img_5059.npy,0.72,23.59
img_506.npy,0.72,23.82
img_5060.npy,0.70,22.98
img_5061.npy,0.69,24.17
img_5062.npy,0.67,24.01
img_5063.npy,0.62,23.86
img_5064.npy,0.66,23.30
img_5065.npy,0.71,24.44
img_5066.npy,0.71,23.20
img_5067.npy,0.67,23.15
img_5068.npy,0.65,23.41
img_5069.npy,0.73,23.76
img_507.npy,0.80,23.68
img_5070.npy,0.61,23.85
img_5071.npy,0.68,24.07
img_5072.npy,0.59,23.01
img_5073.npy,0.72,23.45
img_5074.npy,0.57,22.87
img_5075.npy,0.79,22.03
img_5076.npy,0.66,24.05
img_5077.npy,0.73,23.02
img_5078.npy,0.69,22.13
img_5079.npy,0.73,24.09
img_508.npy,0.67,24.21
img_5080.npy,0.66,23.76
img_5081.npy,0.61,22.39
img_5082.npy,0.60,24.79
img_5083.npy,0.61,22.39
img_5084.npy,0.59,26.16
img_5085.npy,0.66,24.20
img_5086.npy,0.64,23.36
img_5087.npy,0.55,23.52
img_5088.npy,0.74,23.86
img_5089.npy,0.76,23.94
img_509.npy,0.65,23.48
img_5090.npy,0.63,24.22
img_5091.npy,0.63,23.56
img_5092.npy,0.69,23.88
img_5093.npy,0.61,23.28
img_5094.npy,0.61,24.17
img_5095.npy,0.59,23.34
img_5096.npy,0.66,24.23
img_5097.npy,0.66,23.36
img_5098.npy,0.71,23.53
img_5099.npy,0.71,24.63
img_51.npy,0.69,25.15
img_510.npy,0.57,24.59
img_5100.npy,0.52,22.76
img_5101.npy,0.59,22.63
img_5102.npy,0.65,24.36
img_5103.npy,0.59,22.77
img_5104.npy,0.59,23.46
img_5105.npy,0.62,23.21
img_5106.npy,0.65,23.57
img_5107.npy,0.64,23.93
img_5108.npy,0.56,24.18
img_5109.npy,0.89,24.93
img_511.npy,0.96,23.97
img_5110.npy,0.67,25.11
img_5111.npy,0.60,23.61
img_5112.npy,0.69,24.34
img_5113.npy,0.75,23.04
img_5114.npy,0.70,22.50
img_5115.npy,0.73,23.49
img_5116.npy,0.68,24.30
img_5117.npy,0.56,23.21
img_5118.npy,0.60,23.27
img_5119.npy,0.63,22.84
img_512.npy,0.71,23.58
img_5120.npy,0.60,24.36
img_5121.npy,0.57,25.39
img_5122.npy,0.66,22.73
img_5123.npy,0.64,22.13
img_5124.npy,0.75,24.72
img_5125.npy,0.62,21.84
img_5126.npy,0.70,23.24
img_5127.npy,0.60,22.84
img_5128.npy,0.68,24.16
img_5129.npy,0.61,24.56
img_513.npy,0.61,23.46
img_5130.npy,0.64,22.71
img_5131.npy,0.59,25.20
img_5132.npy,0.61,22.16
img_5133.npy,0.65,24.01
img_5134.npy,0.70,23.80
img_5135.npy,0.64,22.77
img_5136.npy,0.67,23.39
img_5137.npy,0.69,23.64
img_5138.npy,0.73,23.20
img_5139.npy,0.61,24.27
img_514.npy,0.74,23.64
img_5140.npy,0.64,22.60
img_5141.npy,0.62,23.89
img_5142.npy,0.56,24.52
img_5143.npy,0.60,24.01
img_5144.npy,0.60,21.96
img_5145.npy,0.66,24.48
img_5146.npy,0.62,24.39
img_5147.npy,0.70,23.13
img_5148.npy,0.62,22.87
img_5149.npy,0.57,21.12
img_515.npy,0.57,24.02
img_5150.npy,0.69,24.67
img_5151.npy,0.57,24.17
img_5152.npy,0.65,23.91
img_5153.npy,0.59,24.00
img_5154.npy,0.76,25.31
img_5155.npy,0.62,22.70
img_5156.npy,0.66,23.90
img_5157.npy,0.67,21.50
img_5158.npy,0.77,23.74
img_5159.npy,0.60,22.71
img_516.npy,0.60,24.04
img_5160.npy,0.62,24.91
img_5161.npy,0.69,21.89
img_5162.npy,0.75,24.05
img_5163.npy,0.64,22.98
img_5164.npy,0.69,24.87
img_5165.npy,0.68,24.41
img_5166.npy,0.76,24.02
img_5167.npy,0.67,23.80
img_5168.npy,0.81,22.89
img_5169.npy,0.98,24.57
img_517.npy,0.60,24.02
img_5170.npy,0.55,22.71
img_5171.npy,0.67,22.33
img_5172.npy,0.64,23.95
img_5173.npy,0.61,24.57
img_5174.npy,0.58,24.17
img_5175.npy,0.68,24.88
img_5176.npy,0.64,25.16
img_5177.npy,0.65,24.52
img_5178.npy,0.62,24.82
img_5179.npy,0.68,21.95
img_518.npy,0.61,23.12
img_5180.npy,0.71,25.09
img_5181.npy,0.58,23.75
img_5182.npy,0.63,21.85
img_5183.npy,0.62,22.20
img_5184.npy,0.61,24.98
img_5185.npy,0.68,21.93
img_5186.npy,0.81,23.78
img_5187.npy,0.65,23.96
img_5188.npy,0.63,24.00
img_5189.npy,0.65,22.64
img_519.npy,0.73,22.74
img_5190.npy,0.64,22.62
img_5191.npy,0.73,24.79
img_5192.npy,0.66,22.98
img_5193.npy,0.69,24.16
img_5194.npy,0.65,23.77
img_5195.npy,0.65,24.84
img_5196.npy,0.65,23.92
img_5197.npy,0.68,24.73
img_5198.npy,0.73,23.93
img_5199.npy,0.66,24.40
img_52.npy,0.63,22.70
img_520.npy,0.67,23.13
img_5200.npy,0.65,24.14
img_5201.npy,0.69,23.04
img_5202.npy,0.66,23.67
img_5203.npy,0.75,23.18
img_5204.npy,0.69,23.93
img_5205.npy,0.67,22.30
img_5206.npy,0.77,24.12
img_5207.npy,0.63,24.06
img_5208.npy,0.68,24.04
img_5209.npy,0.52,24.45
img_521.npy,0.62,24.61
img_5210.npy,0.58,24.71
img_5211.npy,0.64,22.85
img_5212.npy,0.50,23.84
img_5213.npy,0.72,20.30
img_5214.npy,0.65,22.80
img_5215.npy,0.62,24.30
img_5216.npy,0.59,23.45
img_5217.npy,0.67,22.57
img_5218.npy,0.62,23.95
img_5219.npy,0.64,23.07
img_522.npy,0.71,23.87
img_5220.npy,0.61,23.86
img_5221.npy,0.56,22.87
img_5222.npy,0.58,25.07
img_5223.npy,0.60,22.86
img_5224.npy,0.61,24.22
img_5225.npy,0.61,22.43
img_5226.npy,0.75,24.74
img_5227.npy,0.91,22.66
img_5228.npy,0.76,24.25
img_5229.npy,0.77,24.41
img_523.npy,0.54,22.77
img_5230.npy,0.61,24.52
img_5231.npy,0.68,22.77
img_5232.npy,0.57,23.29
img_5233.npy,0.70,23.01
img_5234.npy,0.72,23.47
img_5235.npy,0.62,23.60
img_5236.npy,0.68,24.80
img_5237.npy,0.65,23.70
img_5238.npy,0.68,23.23
img_5239.npy,0.57,22.19
img_524.npy,0.50,22.41
img_5240.npy,0.70,23.54
img_5241.npy,0.64,22.62
img_5242.npy,0.66,25.00
img_5243.npy,0.63,22.13
img_5244.npy,0.66,24.03
img_5245.npy,0.55,24.35
img_5246.npy,0.59,23.84
img_5247.npy,0.51,22.29
img_5248.npy,0.64,23.32
img_5249.npy,0.53,24.21
img_525.npy,0.56,23.96
img_5250.npy,0.64,24.12
img_5251.npy,0.66,23.97
img_5252.npy,0.55,24.00
img_5253.npy,0.55,23.02
img_5254.npy,0.63,22.27
img_5255.npy,0.59,23.26
img_5256.npy,0.54,22.80
img_5257.npy,0.55,25.61
img_5258.npy,0.60,22.74
img_5259.npy,0.58,22.18
img_526.npy,0.64,22.52
img_5260.npy,0.67,23.60
img_5261.npy,0.63,24.12
img_5262.npy,0.63,24.20
img_5263.npy,0.55,23.84
img_5264.npy,0.63,21.77
img_5265.npy,0.58,23.51
img_5266.npy,0.63,23.98
img_5267.npy,0.54,23.61
img_5268.npy,0.60,23.89
img_5269.npy,0.54,24.63
img_527.npy,0.57,22.30
img_5270.npy,0.55,24.12
img_5271.npy,0.47,23.11
img_5272.npy,0.55,24.21
img_5273.npy,0.63,24.46
img_5274.npy,0.70,21.90
img_5275.npy,0.64,23.62
img_5276.npy,0.57,21.84
img_5277.npy,0.54,22.87
img_5278.npy,0.57,23.74
img_5279.npy,0.63,24.30
img_528.npy,0.52,22.57
img_5280.npy,0.55,22.42
img_5281.npy,0.62,22.66
img_5282.npy,0.63,24.31
img_5283.npy,0.62,23.95
img_5284.npy,0.55,23.02
img_5285.npy,0.61,22.67
img_5286.npy,0.56,24.09
img_5287.npy,0.54,23.70
img_5288.npy,0.60,23.41
img_5289.npy,0.61,23.64
img_529.npy,0.55,25.14
img_5290.npy,0.58,24.34
img_5291.npy,0.69,22.20
img_5292.npy,1.01,23.86
img_5293.npy,0.66,24.13
img_5294.npy,0.64,23.74
img_5295.npy,0.57,24.02
img_5296.npy,0.57,22.92
img_5297.npy,0.63,22.19
img_5298.npy,0.60,23.87
img_5299.npy,0.62,22.51
img_53.npy,0.53,23.38
img_530.npy,0.51,25.48
img_5300.npy,0.59,23.71
img_5301.npy,0.66,23.29
img_5302.npy,0.72,22.48
img_5303.npy,0.57,23.05
img_5304.npy,0.67,24.38
img_5305.npy,0.60,21.83
img_5306.npy,0.62,22.95
img_5307.npy,0.67,23.17
img_5308.npy,0.75,22.50
img_5309.npy,0.67,23.81
img_531.npy,0.60,23.38
img_5310.npy,0.54,23.78
img_5311.npy,0.68,22.81
img_5312.npy,0.66,24.37
img_5313.npy,0.67,21.97
img_5314.npy,0.79,23.98
img_5315.npy,0.73,24.03
img_5316.npy,0.69,24.04
img_5317.npy,0.73,23.80
img_5318.npy,0.62,23.55
img_5319.npy,0.67,22.33
img_532.npy,0.62,23.57
img_5320.npy,0.67,25.01
img_5321.npy,0.63,23.27
img_5322.npy,0.76,23.57
img_5323.npy,0.64,23.68
img_5324.npy,0.73,24.39
img_5325.npy,0.68,22.37
img_5326.npy,0.57,23.60
img_5327.npy,0.60,23.49
img_5328.npy,0.53,22.79
img_5329.npy,0.59,23.73
img_533.npy,0.63,23.02
img_5330.npy,0.69,24.23
img_5331.npy,0.64,24.63
img_5332.npy,0.55,24.38
img_5333.npy,0.68,23.78
img_5334.npy,0.62,23.60
img_5335.npy,0.64,22.71
img_5336.npy,0.59,22.04
img_5337.npy,0.59,21.87
img_5338.npy,0.66,23.53
img_5339.npy,0.64,24.30
img_534.npy,0.65,24.02
img_5340.npy,0.63,24.32
img_5341.npy,0.60,23.09
img_5342.npy,0.61,22.34
img_5343.npy,0.65,24.81
img_5344.npy,0.64,23.93
img_5345.npy,0.69,25.00
img_5346.npy,0.60,23.63
img_5347.npy,0.64,24.17
img_5348.npy,0.70,23.07
img_5349.npy,0.63,24.21
img_535.npy,0.67,24.72
img_5350.npy,0.61,22.05
img_5351.npy,0.58,23.68
img_5352.npy,0.73,22.61
img_5353.npy,1.10,24.99
img_5354.npy,0.71,24.36
img_5355.npy,0.66,23.01
img_5356.npy,0.62,24.60
img_5357.npy,0.58,21.66
img_5358.npy,0.57,23.87
img_5359.npy,0.52,23.08
img_536.npy,0.68,23.12
img_5360.npy,0.56,22.92
img_5361.npy,0.62,23.27
img_5362.npy,0.56,23.82
img_5363.npy,0.68,24.65
img_5364.npy,0.55,22.37
img_5365.npy,0.67,23.07
img_5366.npy,0.59,24.12
img_5367.npy,0.72,21.94
img_5368.npy,0.67,23.84
img_5369.npy,0.69,23.55
img_537.npy,0.73,24.13
img_5370.npy,0.64,23.66
img_5371.npy,0.73,24.44
img_5372.npy,0.61,22.80
img_5373.npy,0.65,24.36
img_5374.npy,0.71,23.54
img_5375.npy,0.77,24.01
img_5376.npy,0.66,24.21
img_5377.npy,0.77,23.84
img_5378.npy,0.74,22.79
img_5379.npy,0.71,24.68
img_538.npy,0.64,23.75
img_5380.npy,0.75,23.17
img_5381.npy,0.62,23.52
img_5382.npy,0.73,22.61
img_5383.npy,0.60,23.67
img_5384.npy,0.62,23.37
img_5385.npy,0.70,22.84
img_5386.npy,0.66,24.09
img_5387.npy,0.61,23.12
img_5388.npy,0.59,22.76
img_5389.npy,0.71,24.12
img_539.npy,0.67,24.90
img_5390.npy,0.68,23.21
img_5391.npy,0.69,23.27
img_5392.npy,0.71,24.20
img_5393.npy,0.64,22.20
img_5394.npy,0.61,23.93
img_5395.npy,0.72,22.05
img_5396.npy,0.81,23.23
img_5397.npy,0.67,23.75
img_5398.npy,0.58,22.19
img_5399.npy,0.69,22.50
img_54.npy,0.68,22.88
img_540.npy,0.62,23.87
img_5400.npy,0.68,22.96
img_5401.npy,0.75,23.88
img_5402.npy,0.73,24.98
img_5403.npy,0.58,23.84
img_5404.npy,0.61,24.10
img_5405.npy,0.70,24.76
img_5406.npy,0.63,23.87
img_5407.npy,0.66,23.96
img_5408.npy,0.80,23.77
img_5409.npy,0.64,24.26
img_541.npy,0.72,23.94
img_5410.npy,0.72,23.71
img_5411.npy,0.84,24.15
img_5412.npy,0.64,24.71
img_5413.npy,0.52,23.98
img_5414.npy,0.63,23.00
img_5415.npy,0.63,24.65
img_5416.npy,0.58,23.98
img_5417.npy,0.73,23.55
img_5418.npy,0.76,23.06
img_5419.npy,0.75,26.48
img_542.npy,0.67,23.92
img_5420.npy,0.58,22.11
img_5421.npy,0.57,23.45
img_5422.npy,0.64,23.36
img_5423.npy,0.60,24.16
img_5424.npy,0.57,24.38
img_5425.npy,0.63,23.89
img_5426.npy,0.75,23.68
img_5427.npy,0.71,23.39
img_5428.npy,0.62,21.79
img_5429.npy,0.61,23.69
img_543.npy,0.58,23.84
img_5430.npy,0.63,24.60
img_5431.npy,0.58,23.64
img_5432.npy,0.58,23.79
img_5433.npy,0.63,25.18
img_5434.npy,0.73,21.84
img_5435.npy,0.71,22.13
img_5436.npy,0.68,23.86
img_5437.npy,0.56,24.08
img_5438.npy,0.58,23.41
img_5439.npy,0.72,23.93
img_544.npy,0.75,24.00
img_5440.npy,0.62,23.72
img_5441.npy,0.64,23.28
img_5442.npy,0.67,21.88
img_5443.npy,0.64,23.67
img_5444.npy,0.60,23.85
img_5445.npy,0.64,22.80
img_5446.npy,0.59,21.84
img_5447.npy,0.60,24.05
img_5448.npy,0.78,24.11
img_5449.npy,0.68,23.15
img_545.npy,0.76,25.42
img_5450.npy,0.65,22.82
img_5451.npy,0.68,23.46
img_5452.npy,0.75,23.60
img_5453.npy,0.69,22.90
img_5454.npy,0.69,24.15
img_5455.npy,0.75,23.65
img_5456.npy,0.85,23.48
img_5457.npy,0.79,23.66
img_5458.npy,0.69,23.67
img_5459.npy,0.76,24.08
img_546.npy,0.67,24.12
img_5460.npy,0.61,24.42
img_5461.npy,0.66,24.15
img_5462.npy,0.78,24.00
img_5463.npy,0.69,24.97
img_5464.npy,0.68,24.37
img_5465.npy,0.65,23.72
img_5466.npy,0.73,22.71
img_5467.npy,0.72,22.78
img_5468.npy,0.75,23.00
img_5469.npy,0.77,25.18
img_547.npy,0.71,23.91
img_5470.npy,0.69,24.16
img_5471.npy,1.00,23.69
img_5472.npy,0.80,22.28
img_5473.npy,0.79,24.35
img_5474.npy,0.64,24.67
img_5475.npy,0.74,24.42
img_5476.npy,0.61,23.04
img_5477.npy,0.62,23.76
img_5478.npy,0.61,23.94
img_5479.npy,0.64,21.94
img_548.npy,0.88,24.37
img_5480.npy,0.66,23.55
img_5481.npy,0.71,23.82
img_5482.npy,0.57,23.06
img_5483.npy,0.76,22.74
img_5484.npy,0.71,23.04
img_5485.npy,0.62,24.18
img_5486.npy,0.57,23.00
img_5487.npy,0.62,24.03
img_5488.npy,0.61,23.86
img_5489.npy,0.61,22.38
img_549.npy,0.62,20.40
img_5490.npy,0.68,23.58
img_5491.npy,0.58,26.03
img_5492.npy,0.65,22.30
img_5493.npy,0.60,23.57
img_5494.npy,0.80,23.80
img_5495.npy,0.71,21.57
img_5496.npy,0.71,23.63
img_5497.npy,0.64,22.28
img_5498.npy,0.72,21.93
img_5499.npy,0.67,22.75
img_55.npy,0.60,22.27
img_550.npy,0.70,23.55
img_5500.npy,0.62,23.18
img_5501.npy,0.56,23.80
img_5502.npy,0.59,23.28
img_5503.npy,0.74,23.64
img_5504.npy,0.67,24.04
img_5505.npy,0.60,23.57
img_5506.npy,0.69,23.09
img_5507.npy,0.76,23.36
img_5508.npy,0.58,23.84
img_5509.npy,0.71,22.93
img_551.npy,0.62,24.10
img_5510.npy,0.71,23.37
img_5511.npy,0.62,22.79
img_5512.npy,0.73,22.49
img_5513.npy,0.66,22.81
img_5514.npy,0.74,22.06
img_5515.npy,0.63,22.76
img_5516.npy,0.61,23.02
img_5517.npy,0.64,23.26
img_5518.npy,0.64,24.04
img_5519.npy,0.66,23.06
img_552.npy,0.64,22.89
img_5520.npy,0.56,23.82
img_5521.npy,0.62,24.56
img_5522.npy,0.55,23.14
img_5523.npy,0.69,23.12
img_5524.npy,0.72,21.54
img_5525.npy,0.69,26.00
img_5526.npy,0.61,24.11
img_5527.npy,0.72,23.64
img_5528.npy,0.61,22.47
img_5529.npy,0.53,23.91
img_553.npy,0.53,23.01
img_5530.npy,0.63,25.16
img_5531.npy,0.90,22.43
img_5532.npy,0.78,24.59
img_5533.npy,0.67,24.98
img_5534.npy,0.63,22.71
img_5535.npy,0.76,23.70
img_5536.npy,0.70,22.49
img_5537.npy,0.62,22.19
img_5538.npy,0.59,22.75
img_5539.npy,0.75,21.62
img_554.npy,0.64,22.51
img_5540.npy,0.64,23.78
img_5541.npy,0.54,23.85
img_5542.npy,0.69,23.94
img_5543.npy,0.56,24.16
img_5544.npy,0.62,22.32
img_5545.npy,0.60,22.56
img_5546.npy,0.78,24.31
img_5547.npy,0.66,23.71
img_5548.npy,0.67,24.09
img_5549.npy,0.58,22.28
img_555.npy,0.67,22.20
img_5550.npy,0.62,25.07
img_5551.npy,0.65,24.17
img_5552.npy,0.67,21.97
img_5553.npy,0.71,23.84
img_5554.npy,0.61,24.38
img_5555.npy,0.66,23.61
img_5556.npy,0.64,23.53
img_5557.npy,0.66,23.10
img_5558.npy,0.65,24.04
img_5559.npy,0.56,23.90
img_556.npy,0.72,23.26
img_5560.npy,0.69,22.93
img_5561.npy,0.68,24.02
img_5562.npy,0.56,23.21
img_5563.npy,0.62,23.73
img_5564.npy,0.59,23.93
img_5565.npy,0.73,27.91
img_5566.npy,0.64,23.62
img_5567.npy,0.59,23.40
img_5568.npy,0.71,21.79
img_5569.npy,0.64,24.96
img_557.npy,0.69,21.86
img_5570.npy,0.72,23.58
img_5571.npy,0.68,23.88
img_5572.npy,0.68,25.55
img_5573.npy,0.59,24.22
img_5574.npy,0.70,24.31
img_5575.npy,0.60,22.86
img_5576.npy,0.69,23.92
img_5577.npy,0.65,22.19
img_5578.npy,0.72,24.23
img_5579.npy,0.64,23.10
img_558.npy,0.74,23.03
img_5580.npy,0.60,25.83
img_5581.npy,0.63,24.28
img_5582.npy,0.66,23.84
img_5583.npy,0.67,24.02
img_5584.npy,0.71,22.13
img_5585.npy,0.63,23.34
img_5586.npy,0.56,23.50
img_5587.npy,0.61,22.93
img_5588.npy,0.52,22.47
img_5589.npy,0.71,23.93
img_559.npy,0.72,24.88
img_5590.npy,0.64,22.87
img_5591.npy,0.61,24.90
img_5592.npy,0.68,23.70
img_5593.npy,1.08,22.14
img_5594.npy,0.73,22.52
img_5595.npy,0.76,24.07
img_5596.npy,0.65,22.75
img_5597.npy,0.72,24.00
img_5598.npy,0.66,24.41
img_5599.npy,0.64,22.82
img_56.npy,0.58,24.19
img_560.npy,0.66,23.11
img_5600.npy,0.75,20.75
img_5601.npy,0.68,22.97
img_5602.npy,0.75,23.90
img_5603.npy,0.69,22.39
img_5604.npy,0.78,22.09
img_5605.npy,0.66,23.60
img_5606.npy,0.57,23.16
img_5607.npy,0.52,22.14
img_5608.npy,0.64,23.80
img_5609.npy,0.60,22.40
img_561.npy,0.65,21.79
img_5610.npy,0.59,21.55
img_5611.npy,0.79,24.28
img_5612.npy,0.65,24.11
img_5613.npy,0.72,23.89
img_5614.npy,0.68,22.12
img_5615.npy,0.69,23.53
img_5616.npy,0.63,22.73
img_5617.npy,0.57,24.66
img_5618.npy,0.64,22.08
img_5619.npy,0.66,23.51
img_562.npy,0.63,23.56
img_5620.npy,0.66,23.45
img_5621.npy,0.76,24.56
img_5622.npy,0.68,24.08
img_5623.npy,0.61,24.53
img_5624.npy,0.60,24.34
img_5625.npy,0.59,23.77
img_5626.npy,0.56,23.69
img_5627.npy,0.56,23.06
img_5628.npy,0.60,22.95
img_5629.npy,0.54,23.48
img_563.npy,0.59,22.81
img_5630.npy,0.55,23.90
img_5631.npy,0.61,21.74
img_5632.npy,0.71,22.45
img_5633.npy,0.57,23.52
img_5634.npy,0.63,24.95
img_5635.npy,0.59,21.57
img_5636.npy,0.68,23.44
img_5637.npy,0.69,23.75
img_5638.npy,0.62,23.90
img_5639.npy,0.59,23.31
img_564.npy,0.66,22.16
img_5640.npy,0.66,25.20
img_5641.npy,0.62,24.80
img_5642.npy,0.64,23.34
img_5643.npy,0.72,24.18
img_5644.npy,0.67,24.12
img_5645.npy,0.66,25.01
img_5646.npy,0.60,22.99
img_5647.npy,0.61,24.08
img_5648.npy,0.54,24.13
img_5649.npy,0.52,22.42
img_565.npy,0.63,22.67
img_5650.npy,0.55,22.45
img_5651.npy,0.64,23.01
img_5652.npy,0.56,23.31
img_5653.npy,0.58,22.85
img_5654.npy,0.69,24.31
img_5655.npy,0.93,21.46
img_5656.npy,0.84,23.65
img_5657.npy,0.66,24.32
img_5658.npy,0.66,22.39
img_5659.npy,0.59,24.18
img_566.npy,0.64,23.56
img_5660.npy,0.59,23.98
img_5661.npy,0.63,22.24
img_5662.npy,0.63,21.95
img_5663.npy,0.68,23.82
img_5664.npy,0.56,23.37
img_5665.npy,0.63,23.80
img_5666.npy,0.57,23.69
img_5667.npy,0.61,23.19
img_5668.npy,0.53,23.44
img_5669.npy,0.61,23.43
img_567.npy,0.47,23.69
img_5670.npy,0.54,23.54
img_5671.npy,0.60,25.52
img_5672.npy,0.58,23.55
img_5673.npy,0.52,23.18
img_5674.npy,0.56,23.70
img_5675.npy,0.59,24.00
img_5676.npy,0.58,24.69
img_5677.npy,0.62,25.53
img_5678.npy,0.48,23.67
img_5679.npy,0.72,24.18
img_568.npy,0.58,24.02
img_5680.npy,0.55,23.07
img_5681.npy,0.70,23.37
img_5682.npy,0.55,22.33
img_5683.npy,0.49,23.61
img_5684.npy,0.56,23.40
img_5685.npy,0.59,24.26
img_5686.npy,0.58,24.46
img_5687.npy,0.59,22.17
img_5688.npy,0.63,24.07
img_5689.npy,0.61,23.99
img_569.npy,0.59,25.02
img_5690.npy,0.60,23.09
img_5691.npy,0.68,22.47
img_5692.npy,0.61,23.57
img_5693.npy,0.66,22.20
img_5694.npy,0.58,22.93
img_5695.npy,0.72,22.21
img_5696.npy,0.63,24.83
img_5697.npy,0.69,24.21
img_5698.npy,0.61,22.95
img_5699.npy,0.68,23.75
img_57.npy,0.57,24.68
img_570.npy,0.60,25.00
img_5700.npy,0.55,23.77
img_5701.npy,0.63,24.09
img_5702.npy,0.68,24.02
img_5703.npy,0.68,24.16
img_5704.npy,0.64,22.28
img_5705.npy,0.55,22.32
img_5706.npy,0.59,24.54
img_5707.npy,0.62,24.10
img_5708.npy,0.64,23.86
img_5709.npy,0.69,23.96
img_571.npy,0.56,24.26
img_5710.npy,0.54,23.47
img_5711.npy,0.69,23.53
img_5712.npy,0.64,24.67
img_5713.npy,0.68,25.07
img_5714.npy,0.64,23.00
img_5715.npy,0.57,22.84
img_5716.npy,0.56,24.90
img_5717.npy,0.67,23.20
img_5718.npy,0.50,23.10
img_5719.npy,0.58,22.15
img_572.npy,0.59,24.20
img_5720.npy,0.73,22.04
img_5721.npy,0.88,23.91
img_5722.npy,0.52,23.86
img_5723.npy,0.51,23.18
img_5724.npy,0.58,23.43
img_5725.npy,0.65,21.97
img_5726.npy,0.63,23.70
img_5727.npy,0.56,22.17
img_5728.npy,0.51,24.20
img_5729.npy,0.59,24.20
img_573.npy,0.55,22.72
img_5730.npy,0.54,23.51
img_5731.npy,0.53,23.23
img_5732.npy,0.56,23.44
img_5733.npy,0.58,22.77
img_5734.npy,0.52,24.53
img_5735.npy,0.56,23.63
img_5736.npy,0.52,23.33
img_5737.npy,0.54,23.27
img_5738.npy,0.58,24.54
img_5739.npy,0.59,24.07
img_574.npy,0.58,23.72
img_5740.npy,0.60,23.49
img_5741.npy,0.54,24.51
img_5742.npy,0.55,22.50
img_5743.npy,0.61,22.70
img_5744.npy,0.55,23.91
img_5745.npy,0.57,25.34
img_5746.npy,0.51,23.92
img_5747.npy,0.57,23.27
img_5748.npy,0.57,24.68
img_5749.npy,0.57,23.32
img_575.npy,0.52,22.24
img_5750.npy,0.58,22.49
img_5751.npy,0.51,23.22
img_5752.npy,0.54,23.91
img_5753.npy,0.54,22.30
img_5754.npy,0.57,23.80
img_5755.npy,0.55,23.15
img_5756.npy,0.55,24.16
img_5757.npy,0.54,22.66
img_5758.npy,0.58,24.30
img_5759.npy,0.53,24.26
img_576.npy,0.54,23.28
img_5760.npy,0.52,23.76
img_5761.npy,0.59,23.61
img_5762.npy,0.51,24.45
img_5763.npy,0.50,21.70
img_5764.npy,0.60,23.51
img_5765.npy,0.62,23.89
img_5766.npy,0.58,23.76
img_5767.npy,0.54,23.92
img_5768.npy,0.62,23.38
img_5769.npy,0.53,23.86
img_577.npy,0.55,25.04
img_5770.npy,0.57,23.04
img_5771.npy,0.58,24.28
img_5772.npy,0.54,23.90
img_5773.npy,0.54,24.05
img_5774.npy,0.52,22.50
img_5775.npy,0.63,22.60
img_5776.npy,0.59,24.90
img_5777.npy,0.58,23.45
img_5778.npy,0.51,23.96
img_5779.npy,0.61,23.93
img_578.npy,0.55,23.83
img_5780.npy,0.57,24.07
img_5781.npy,0.53,22.91
img_5782.npy,0.52,22.76
img_5783.npy,0.58,21.41
img_5784.npy,0.60,23.10
img_5785.npy,0.62,22.79
img_5786.npy,0.65,22.60
img_5787.npy,0.55,23.84
img_5788.npy,0.52,22.69
img_5789.npy,0.67,22.12
img_579.npy,0.60,23.96
img_5790.npy,0.54,23.51
img_5791.npy,0.52,23.68
img_5792.npy,0.62,23.59
img_5793.npy,0.90,24.14
img_5794.npy,0.63,22.60
img_5795.npy,0.60,21.08
img_5796.npy,0.59,22.98
img_5797.npy,0.54,23.08
img_5798.npy,0.58,21.91
img_5799.npy,0.64,22.90
img_58.npy,0.59,22.48
img_580.npy,0.53,22.61
img_5800.npy,0.50,22.58
img_5801.npy,0.62,22.85
img_5802.npy,0.50,23.88
img_5803.npy,0.49,22.50
img_5804.npy,0.48,24.01
img_5805.npy,0.56,23.85
img_5806.npy,0.65,25.07
img_5807.npy,0.61,24.59
img_5808.npy,0.61,24.29
img_5809.npy,0.62,24.11
img_581.npy,0.59,23.36
img_5810.npy,0.62,24.30
img_5811.npy,0.61,22.99
img_5812.npy,0.56,23.75
img_5813.npy,0.54,21.96
img_5814.npy,0.51,24.84
img_5815.npy,0.55,22.10
img_5816.npy,0.65,23.95
img_5817.npy,0.61,23.87
img_5818.npy,0.59,22.71
img_5819.npy,0.62,23.36
img_582.npy,0.58,23.70
img_5820.npy,0.56,22.38
img_5821.npy,0.55,22.45
img_5822.npy,0.59,23.62
img_5823.npy,0.68,23.85
img_5824.npy,0.67,24.06
img_5825.npy,0.57,24.68
img_5826.npy,0.53,23.86
img_5827.npy,0.67,25.11
img_5828.npy,0.62,23.39
img_5829.npy,0.56,23.25
img_583.npy,0.68,23.97
img_5830.npy,0.57,23.96
img_5831.npy,0.60,22.81
img_5832.npy,0.59,22.62
img_5833.npy,0.58,23.73
img_5834.npy,0.64,24.92
img_5835.npy,0.61,24.83
img_5836.npy,0.64,23.35
img_5837.npy,0.70,24.16
img_5838.npy,0.60,23.84
img_5839.npy,0.56,22.91
img_584.npy,0.65,23.40
img_5840.npy,0.59,23.35
img_5841.npy,0.62,23.93
img_5842.npy,0.51,23.44
img_5843.npy,0.51,24.36
img_5844.npy,0.55,22.82
img_5845.npy,0.54,22.38
img_5846.npy,0.55,23.34
img_5847.npy,0.59,22.71
img_5848.npy,0.61,24.20
img_5849.npy,0.63,24.14
img_585.npy,0.63,22.79
img_5850.npy,0.64,22.75
img_5851.npy,0.54,24.11
img_5852.npy,0.54,23.83
img_5853.npy,0.60,24.18
img_5854.npy,0.58,22.82
img_5855.npy,0.57,23.97
img_5856.npy,0.65,25.22
img_5857.npy,0.54,21.28
img_5858.npy,0.66,23.89
img_5859.npy,0.57,24.43
img_586.npy,0.53,23.62
img_5860.npy,0.49,22.15
img_5861.npy,0.64,24.10
img_5862.npy,0.88,24.25
img_5863.npy,0.70,23.93
img_5864.npy,0.62,21.95
img_5865.npy,0.55,24.70
img_5866.npy,0.68,24.41
img_5867.npy,0.54,23.98
img_5868.npy,0.54,22.11
img_5869.npy,0.66,22.64
img_587.npy,0.64,24.27
img_5870.npy,0.57,23.94
img_5871.npy,0.56,22.87
img_5872.npy,0.59,23.38
img_5873.npy,0.60,23.43
img_5874.npy,0.56,24.20
img_5875.npy,0.59,23.50
img_5876.npy,0.57,23.87
img_5877.npy,0.50,23.79
img_5878.npy,0.56,23.12
img_5879.npy,0.57,22.47
img_588.npy,0.74,22.54
img_5880.npy,0.69,23.43
img_5881.npy,0.57,23.77
img_5882.npy,0.69,21.98
img_5883.npy,0.57,22.93
img_5884.npy,0.58,24.19
img_5885.npy,0.58,22.39
img_5886.npy,0.72,22.88
img_5887.npy,0.63,23.76
img_5888.npy,0.59,25.24
img_5889.npy,0.61,22.94
img_589.npy,0.71,24.28
img_5890.npy,0.68,24.06
img_5891.npy,0.70,22.47
img_5892.npy,0.59,21.50
img_5893.npy,0.68,23.99
img_5894.npy,0.56,24.38
img_5895.npy,0.61,22.76
img_5896.npy,0.70,22.16
img_5897.npy,0.64,22.88
img_5898.npy,0.59,22.73
img_5899.npy,0.60,22.96
img_59.npy,0.57,23.68
img_590.npy,0.67,23.79
img_5900.npy,0.61,24.05
img_5901.npy,0.67,23.04
img_5902.npy,0.59,23.65
img_5903.npy,0.63,24.88
img_5904.npy,0.59,24.50
img_5905.npy,0.55,24.13
img_5906.npy,0.68,22.08
img_5907.npy,0.56,25.16
img_5908.npy,0.60,24.40
img_5909.npy,0.61,24.17
img_591.npy,0.56,23.98
img_5910.npy,0.56,23.20
img_5911.npy,0.63,23.62
img_5912.npy,0.63,24.37
img_5913.npy,0.61,23.24
img_5914.npy,0.63,23.71
img_5915.npy,0.55,23.10
img_5916.npy,0.54,23.58
img_5917.npy,0.55,22.55
img_5918.npy,0.73,22.52
img_5919.npy,0.64,21.81
img_592.npy,0.61,22.52
img_5920.npy,0.61,22.57
img_5921.npy,0.61,23.78
img_5922.npy,0.58,23.76
img_5923.npy,0.58,23.21
img_5924.npy,0.62,23.12
img_5925.npy,0.71,25.07
img_5926.npy,0.67,23.79
img_5927.npy,0.60,23.63
img_5928.npy,0.87,22.84
img_5929.npy,0.79,24.19
img_593.npy,0.57,22.98
img_5930.npy,0.64,22.45
img_5931.npy,0.58,23.57
img_5932.npy,0.68,23.70
img_5933.npy,0.59,23.93
img_5934.npy,0.58,24.18
img_5935.npy,0.63,24.41
img_5936.npy,0.50,24.22
img_5937.npy,0.59,23.75
img_5938.npy,0.55,23.08
img_5939.npy,0.73,25.02
img_594.npy,0.64,23.77
img_5940.npy,0.56,22.48
img_5941.npy,0.53,22.55
img_5942.npy,0.77,23.72
img_5943.npy,0.64,24.19
img_5944.npy,0.55,22.95
img_5945.npy,0.59,22.90
img_5946.npy,0.59,24.09
img_5947.npy,0.65,24.07
img_5948.npy,0.60,22.74
img_5949.npy,0.56,22.72
img_595.npy,0.59,23.83
img_5950.npy,0.57,23.89
img_5951.npy,0.63,22.54
img_5952.npy,0.62,23.83
img_5953.npy,0.60,24.01
img_5954.npy,0.57,24.61
img_5955.npy,0.65,22.14
img_5956.npy,0.62,23.62
img_5957.npy,0.57,23.93
img_5958.npy,0.57,24.07
img_5959.npy,0.64,21.70
img_596.npy,0.57,23.82
img_5960.npy,0.67,23.28
img_5961.npy,0.64,23.88
img_5962.npy,0.62,23.44
img_5963.npy,0.69,22.88
img_5964.npy,0.66,23.95
img_5965.npy,0.57,23.79
img_5966.npy,0.60,22.00
img_5967.npy,0.59,22.16
img_5968.npy,0.61,24.49
img_5969.npy,0.65,24.77
img_597.npy,0.58,23.81
img_5970.npy,0.70,23.80
img_5971.npy,0.66,24.04
img_5972.npy,0.66,22.78
img_5973.npy,0.69,24.17
img_5974.npy,0.59,23.71
img_5975.npy,0.71,23.10
img_5976.npy,0.64,21.96
img_5977.npy,0.57,22.86
img_5978.npy,0.68,23.07
img_5979.npy,0.63,22.24
img_598.npy,0.58,23.45
img_5980.npy,0.73,22.26
img_5981.npy,0.61,24.17
img_5982.npy,0.67,23.68
img_5983.npy,0.59,23.02
img_5984.npy,0.64,22.99
img_5985.npy,0.65,25.18
img_5986.npy,0.58,24.16
img_5987.npy,0.60,25.09
img_5988.npy,0.57,23.64
img_5989.npy,0.62,24.80
img_599.npy,0.69,24.71
img_5990.npy,0.64,22.88
img_5991.npy,0.68,23.77
img_5992.npy,0.66,25.23
img_5993.npy,0.61,23.50
img_5994.npy,0.96,24.91
img_5995.npy,0.66,22.53
img_5996.npy,0.56,22.86
img_5997.npy,0.58,26.60
img_5998.npy,0.60,23.34
img_5999.npy,0.62,23.99
img_6.npy,0.68,24.29
img_60.npy,0.56,24.38
img_600.npy,0.68,22.77
img_6000.npy,0.63,25.07
img_6001.npy,0.57,21.93
img_6002.npy,0.60,24.78
img_6003.npy,0.53,24.46
img_6004.npy,0.61,23.60
img_6005.npy,0.61,23.95
img_6006.npy,0.66,22.70
img_6007.npy,0.77,23.25
img_6008.npy,0.71,23.88
img_6009.npy,0.63,24.07
img_601.npy,0.60,23.62
img_6010.npy,0.62,21.81
img_6011.npy,0.63,23.53
img_6012.npy,0.62,23.92
img_6013.npy,0.57,23.76
img_6014.npy,0.60,23.21
img_6015.npy,0.60,23.48
img_6016.npy,0.65,24.36
img_6017.npy,0.66,23.77
img_6018.npy,0.59,25.49
img_6019.npy,0.63,24.79
img_602.npy,0.60,23.98
img_6020.npy,0.66,23.11
img_6021.npy,0.66,23.67
img_6022.npy,0.65,23.93
img_6023.npy,0.59,23.03
img_6024.npy,0.49,22.10
img_6025.npy,0.65,24.36
img_6026.npy,0.63,24.68
img_6027.npy,0.61,23.32
img_6028.npy,0.59,23.13
img_6029.npy,0.79,25.09
img_603.npy,0.59,23.77
img_6030.npy,0.61,24.41
img_6031.npy,0.67,22.97
img_6032.npy,0.65,24.30
img_6033.npy,0.62,24.02
img_6034.npy,0.64,22.42
img_6035.npy,0.66,23.81
img_6036.npy,0.63,24.52
img_6037.npy,0.66,23.23
img_6038.npy,0.54,23.13
img_6039.npy,0.59,23.91
img_604.npy,0.54,24.15
img_6040.npy,0.63,24.66
img_6041.npy,0.63,23.38
img_6042.npy,0.65,23.14
img_6043.npy,0.60,22.73
img_6044.npy,0.57,24.21
img_6045.npy,0.57,22.79
img_6046.npy,0.67,24.16
img_6047.npy,0.63,23.86
img_6048.npy,0.56,23.19
img_6049.npy,0.71,24.72
img_605.npy,0.59,23.42
img_6050.npy,0.60,23.96
img_6051.npy,0.63,23.46
img_6052.npy,0.64,24.06
img_6053.npy,0.57,24.16
img_6054.npy,0.59,24.27
img_6055.npy,0.55,24.55
img_6056.npy,0.59,23.57
img_6057.npy,0.66,24.90
img_6058.npy,0.64,23.77
img_6059.npy,0.77,25.77
img_606.npy,0.84,22.40
img_6060.npy,0.56,22.94
img_6061.npy,0.61,23.47
img_6062.npy,0.58,25.08
img_6063.npy,0.62,23.66
img_6064.npy,0.57,24.05
img_6065.npy,0.56,24.18
img_6066.npy,0.54,22.35
img_6067.npy,0.51,22.93
img_6068.npy,0.64,23.32
img_6069.npy,0.62,24.98
img_607.npy,0.64,23.02
img_6070.npy,0.56,25.07
img_6071.npy,0.55,24.35
img_6072.npy,0.54,24.44
img_6073.npy,0.56,24.25
img_6074.npy,0.66,22.13
img_6075.npy,0.65,23.73
img_6076.npy,0.67,25.21
img_6077.npy,0.57,23.95
img_6078.npy,0.62,22.05
img_6079.npy,0.52,23.68
img_608.npy,0.63,24.36
img_6080.npy,0.77,23.87
img_6081.npy,0.66,22.95
img_6082.npy,0.61,23.91
img_6083.npy,0.63,23.91
img_6084.npy,0.55,25.20
img_6085.npy,0.54,23.58
img_6086.npy,0.56,21.79
img_6087.npy,0.59,24.34
img_6088.npy,0.51,23.96
img_6089.npy,0.56,22.99
img_609.npy,0.61,24.57
img_6090.npy,0.73,23.53
img_6091.npy,0.61,24.13
img_6092.npy,0.61,23.77
img_6093.npy,0.58,23.86
img_6094.npy,0.55,24.18
img_6095.npy,0.61,23.99
img_6096.npy,0.59,23.44
img_6097.npy,0.67,22.11
img_6098.npy,0.57,22.54
img_6099.npy,0.78,23.10
img_61.npy,0.66,24.79
img_610.npy,0.62,24.42
img_6100.npy,0.64,23.40
img_6101.npy,0.65,23.63
img_6102.npy,0.68,23.80
img_6103.npy,0.62,22.69
img_6104.npy,0.64,23.76
img_6105.npy,0.57,22.39
img_6106.npy,0.66,24.10
img_6107.npy,0.65,22.43
img_6108.npy,0.71,24.17
img_6109.npy,0.56,22.77
img_611.npy,0.56,23.96
img_6110.npy,0.62,23.92
img_6111.npy,0.60,23.74
img_6112.npy,0.54,24.36
img_6113.npy,0.52,24.15
img_6114.npy,0.51,22.86
img_6115.npy,0.61,23.13
img_6116.npy,0.64,23.90
img_6117.npy,0.63,23.36
img_6118.npy,0.55,24.08
img_6119.npy,0.64,23.97
img_612.npy,0.64,22.53
img_6120.npy,0.70,23.73
img_6121.npy,0.57,23.59
img_6122.npy,0.65,23.25
img_6123.npy,0.72,23.13
img_6124.npy,0.69,25.06
img_6125.npy,0.91,21.71
img_6126.npy,0.85,24.02
img_6127.npy,0.77,23.24
img_6128.npy,0.58,22.92
img_6129.npy,0.56,22.85
img_613.npy,0.67,23.43
img_6130.npy,0.66,23.72
img_6131.npy,0.71,24.05
img_6132.npy,0.67,23.45
img_6133.npy,0.63,22.53
img_6134.npy,0.64,21.88
img_6135.npy,0.65,23.95
img_6136.npy,0.67,23.87
img_6137.npy,0.62,23.94
img_6138.npy,0.71,23.70
img_6139.npy,0.70,26.59
img_614.npy,0.58,25.86
img_6140.npy,0.68,24.80
img_6141.npy,0.72,23.03
img_6142.npy,0.66,24.14
img_6143.npy,0.73,23.79
img_6144.npy,0.65,24.23
img_6145.npy,0.63,26.70
img_6146.npy,0.62,24.00
img_6147.npy,0.64,24.48
img_6148.npy,0.56,21.96
img_6149.npy,0.60,24.71
img_615.npy,0.60,23.55
img_6150.npy,0.63,24.76
img_6151.npy,0.64,22.86
img_6152.npy,0.60,23.26
img_6153.npy,0.64,22.98
img_6154.npy,0.58,23.23
img_6155.npy,0.68,23.57
img_6156.npy,0.52,23.91
img_6157.npy,0.57,23.61
img_6158.npy,0.49,21.34
img_6159.npy,0.63,22.13
img_616.npy,0.62,24.28
img_6160.npy,0.60,23.07
img_6161.npy,0.73,22.44
img_6162.npy,0.66,23.21
img_6163.npy,0.67,23.49
img_6164.npy,0.54,21.96
img_6165.npy,0.58,22.62
img_6166.npy,0.65,23.48
img_6167.npy,0.61,24.05
img_6168.npy,0.63,23.39
img_6169.npy,0.64,24.16
img_617.npy,0.60,23.90
img_6170.npy,0.65,23.94
img_6171.npy,0.62,24.41
img_6172.npy,0.75,23.70
img_6173.npy,0.61,23.93
img_6174.npy,0.58,24.27
img_6175.npy,0.55,24.49
img_6176.npy,0.60,22.82
img_6177.npy,0.55,23.75
img_6178.npy,0.60,22.53
img_6179.npy,0.62,23.65
img_618.npy,0.57,21.66
img_6180.npy,0.62,23.82
img_6181.npy,0.68,21.71
img_6182.npy,0.65,22.45
img_6183.npy,0.71,23.80
img_6184.npy,0.74,23.70
img_6185.npy,0.64,23.98
img_6186.npy,0.53,22.66
img_6187.npy,0.53,23.92
img_6188.npy,0.64,24.07
img_6189.npy,0.60,25.36
img_619.npy,0.71,23.11
img_6190.npy,0.93,22.67
img_6191.npy,0.73,24.51
img_6192.npy,0.62,24.92
img_6193.npy,0.58,22.98
img_6194.npy,0.61,24.92
img_6195.npy,0.55,24.22
img_6196.npy,0.64,23.96
img_6197.npy,0.68,22.97
img_6198.npy,0.66,23.99
img_6199.npy,0.56,23.64
img_62.npy,0.62,25.09
img_620.npy,0.72,23.71
img_6200.npy,0.63,22.36
img_6201.npy,0.58,24.02
img_6202.npy,0.64,23.00
img_6203.npy,0.73,23.65
img_6204.npy,0.56,22.87
img_6205.npy,0.61,23.69
img_6206.npy,0.66,22.47
img_6207.npy,0.68,23.25
img_6208.npy,0.55,24.95
img_6209.npy,0.68,22.38
img_621.npy,0.66,22.98
img_6210.npy,0.64,23.99
img_6211.npy,0.67,23.06
img_6212.npy,0.71,22.59
img_6213.npy,0.67,22.00
img_6214.npy,0.56,23.59
img_6215.npy,0.57,22.48
img_6216.npy,0.59,24.11
img_6217.npy,0.60,23.12
img_6218.npy,0.68,23.12
img_6219.npy,0.68,22.65
img_622.npy,0.63,23.99
img_6220.npy,0.60,21.79
img_6221.npy,0.54,24.88
img_6222.npy,0.68,24.46
img_6223.npy,0.74,23.10
img_6224.npy,0.66,22.93
img_6225.npy,0.60,23.54
img_6226.npy,0.57,21.87
img_6227.npy,0.58,22.14
img_6228.npy,0.65,22.99
img_6229.npy,0.55,22.43
img_623.npy,0.63,24.97
img_6230.npy,0.52,24.17
img_6231.npy,0.68,22.21
img_6232.npy,0.54,21.87
img_6233.npy,0.60,22.95
img_6234.npy,0.60,23.30
img_6235.npy,0.74,23.94
img_6236.npy,0.56,23.31
img_6237.npy,0.57,23.94
img_6238.npy,0.53,22.65
img_6239.npy,0.61,23.82
img_624.npy,0.60,22.13
img_6240.npy,0.57,24.12
img_6241.npy,0.54,23.77
img_6242.npy,0.65,24.02
img_6243.npy,0.71,23.85
img_6244.npy,0.61,23.20
img_6245.npy,0.65,22.76
img_6246.npy,0.70,23.34
img_6247.npy,0.68,24.11
img_6248.npy,0.66,24.01
img_6249.npy,0.76,23.75
img_625.npy,0.56,23.82
img_6250.npy,0.62,24.02
img_6251.npy,0.63,22.20
img_6252.npy,0.75,24.21
img_6253.npy,0.79,23.56
img_6254.npy,0.76,22.91
img_6255.npy,0.66,23.68
img_6256.npy,0.65,24.56
img_6257.npy,0.66,23.72
img_6258.npy,0.64,24.29
img_6259.npy,0.63,23.70
img_626.npy,0.66,23.35
img_6260.npy,0.60,23.58
img_6261.npy,0.65,24.02
img_6262.npy,0.66,22.85
img_6263.npy,0.63,21.95
img_6264.npy,0.64,24.02
img_6265.npy,0.61,23.10
img_6266.npy,0.59,24.19
img_6267.npy,0.62,23.88
img_6268.npy,0.65,24.01
img_6269.npy,0.64,22.20
img_627.npy,0.57,23.85
img_6270.npy,0.62,25.20
img_6271.npy,0.62,24.38
img_6272.npy,0.66,22.12
img_6273.npy,0.58,22.09
img_6274.npy,0.64,23.98
img_6275.npy,0.67,23.57
img_6276.npy,0.53,25.09
img_6277.npy,0.68,22.36
img_6278.npy,0.60,23.76
img_6279.npy,0.57,24.51
img_628.npy,0.61,21.83
img_6280.npy,0.59,23.53
img_6281.npy,0.54,23.99
img_6282.npy,0.62,23.98
img_6283.npy,0.58,23.76
img_6284.npy,0.62,23.09
img_6285.npy,0.65,24.51
img_6286.npy,0.59,23.26
img_6287.npy,0.64,23.39
img_6288.npy,0.76,22.42
img_6289.npy,0.65,22.68
img_629.npy,0.62,24.18
img_6290.npy,0.72,24.97
img_6291.npy,0.67,23.10
img_6292.npy,0.68,25.11
img_6293.npy,0.68,22.98
img_6294.npy,0.61,23.41
img_6295.npy,0.53,23.42
img_6296.npy,0.53,22.29
img_6297.npy,0.70,21.23
img_6298.npy,0.69,24.85
img_6299.npy,0.63,23.55
img_63.npy,0.65,22.97
img_630.npy,0.68,23.79
img_6300.npy,0.70,23.82
img_6301.npy,0.56,24.17
img_6302.npy,0.61,24.53
img_6303.npy,0.57,21.98
img_6304.npy,0.59,24.06
img_6305.npy,0.59,24.40
img_6306.npy,0.57,24.34
img_6307.npy,0.60,24.23
img_6308.npy,0.64,23.98
img_6309.npy,0.67,24.42
img_631.npy,0.58,24.83
img_6310.npy,0.64,22.91
img_6311.npy,0.55,23.08
img_6312.npy,0.61,24.91
img_6313.npy,0.54,23.35
img_6314.npy,0.55,23.62
img_6315.npy,0.68,25.62
img_6316.npy,0.55,24.88
img_6317.npy,0.64,23.44
img_6318.npy,0.57,25.20
img_6319.npy,0.63,23.35
img_632.npy,0.65,23.54
img_6320.npy,0.59,23.30
img_6321.npy,0.59,22.47
img_6322.npy,0.85,23.34
img_6323.npy,0.68,23.58
img_6324.npy,0.56,22.07
img_6325.npy,0.62,21.97
img_6326.npy,0.58,24.05
img_6327.npy,0.59,24.46
img_6328.npy,0.63,22.41
img_6329.npy,0.62,24.65
img_633.npy,0.63,22.11
img_6330.npy,0.59,24.09
img_6331.npy,0.64,22.19
img_6332.npy,0.67,24.03
img_6333.npy,0.65,23.60
img_6334.npy,0.65,23.89
img_6335.npy,0.59,22.42
img_6336.npy,0.73,24.61
img_6337.npy,0.55,23.31
img_6338.npy,0.74,23.60
img_6339.npy,0.59,22.20
img_634.npy,0.78,23.19
img_6340.npy,0.55,24.44
img_6341.npy,0.70,23.08
img_6342.npy,0.68,23.21
img_6343.npy,0.61,25.12
img_6344.npy,0.64,23.71
img_6345.npy,0.50,23.82
img_6346.npy,0.64,22.15
img_6347.npy,0.51,24.60
img_6348.npy,0.63,21.90
img_6349.npy,0.67,22.68
img_635.npy,0.76,24.71
img_6350.npy,0.65,21.17
img_6351.npy,0.60,23.50
img_6352.npy,0.67,23.89
img_6353.npy,0.59,22.67
img_6354.npy,0.68,24.57
img_6355.npy,0.62,23.12
img_6356.npy,0.65,23.98
img_6357.npy,0.61,24.05
img_6358.npy,0.55,22.94
img_6359.npy,0.57,25.18
img_636.npy,0.72,22.32
img_6360.npy,0.63,24.35
img_6361.npy,0.69,22.73
img_6362.npy,0.61,23.08
img_6363.npy,0.64,23.88
img_6364.npy,0.64,23.52
img_6365.npy,0.58,24.87
img_6366.npy,0.59,23.99
img_6367.npy,0.63,23.47
img_6368.npy,0.68,24.38
img_6369.npy,0.60,22.82
img_637.npy,0.63,22.47
img_6370.npy,0.66,23.07
img_6371.npy,0.61,24.29
img_6372.npy,0.64,23.09
img_6373.npy,0.65,24.08
img_6374.npy,0.58,21.88
img_6375.npy,0.58,24.30
img_6376.npy,0.51,23.93
img_6377.npy,0.52,23.37
img_6378.npy,0.56,24.41
img_6379.npy,0.66,24.09
img_638.npy,0.66,25.04
img_6380.npy,0.57,23.78
img_6381.npy,0.76,26.45
img_6382.npy,0.67,24.12
img_6383.npy,0.59,23.52
img_6384.npy,0.53,23.13
img_6385.npy,0.59,24.80
img_6386.npy,0.57,22.64
img_6387.npy,0.63,23.85
img_6388.npy,0.51,22.61
img_6389.npy,0.59,23.86
img_639.npy,1.03,24.26
img_6390.npy,0.60,23.95
img_6391.npy,0.59,24.15
img_6392.npy,0.67,23.72
img_6393.npy,0.60,24.23
img_6394.npy,0.60,23.64
img_6395.npy,0.61,22.63
img_6396.npy,0.58,24.09
img_6397.npy,0.63,23.88
img_6398.npy,0.64,23.93
img_6399.npy,0.65,24.38
img_64.npy,0.68,23.80
img_640.npy,0.58,23.21
img_6400.npy,0.72,24.86
img_6401.npy,0.66,23.48
img_6402.npy,0.60,23.91
img_6403.npy,0.64,24.02
img_6404.npy,0.60,23.46
img_6405.npy,0.54,24.95
img_6406.npy,0.61,23.09
img_6407.npy,0.63,24.06
img_6408.npy,0.61,24.75
img_6409.npy,0.59,23.69
img_641.npy,0.62,24.86
img_6410.npy,0.55,23.87
img_6411.npy,0.67,25.04
img_6412.npy,0.58,23.99
img_6413.npy,0.69,24.07
img_6414.npy,0.64,24.95
img_6415.npy,0.66,23.67
img_6416.npy,0.64,23.41
img_6417.npy,0.63,24.39
img_6418.npy,0.50,24.02
img_6419.npy,0.67,22.12
img_642.npy,0.65,23.17
img_6420.npy,0.67,24.40
img_6421.npy,0.63,23.54
img_6422.npy,0.65,22.90
img_6423.npy,0.69,22.88
img_6424.npy,0.63,23.85
img_6425.npy,0.60,22.14
img_6426.npy,0.63,21.39
img_6427.npy,0.62,23.43
img_6428.npy,0.64,24.16
img_6429.npy,0.50,23.42
img_643.npy,0.53,22.84
img_6430.npy,0.70,23.94
img_6431.npy,0.73,22.88
img_6432.npy,0.53,23.67
img_6433.npy,0.48,22.79
img_6434.npy,0.51,23.27
img_6435.npy,0.60,24.91
img_6436.npy,0.67,23.71
img_6437.npy,0.63,23.52
img_6438.npy,0.73,23.49
img_6439.npy,0.61,24.18
img_644.npy,0.68,23.70
img_6440.npy,0.57,23.42
img_6441.npy,0.60,24.10
img_6442.npy,0.51,23.56
img_6443.npy,0.59,24.58
img_6444.npy,0.65,20.97
img_6445.npy,0.63,23.79
img_6446.npy,0.63,24.79
img_6447.npy,0.67,24.25
img_6448.npy,0.54,24.05
img_6449.npy,0.66,22.18
img_645.npy,0.56,21.98
img_6450.npy,0.64,23.87
img_6451.npy,0.55,22.21
img_6452.npy,0.68,24.01
img_6453.npy,0.60,23.60
img_6454.npy,0.69,24.71
img_6455.npy,0.72,25.18
img_6456.npy,0.91,22.96
img_6457.npy,0.56,23.23
img_6458.npy,0.59,23.47
img_6459.npy,0.65,23.67
img_646.npy,0.65,23.26
img_6460.npy,0.63,24.10
img_6461.npy,0.59,23.46
img_6462.npy,0.65,24.89
img_6463.npy,0.54,24.31
img_6464.npy,0.56,22.10
img_6465.npy,0.56,22.29
img_6466.npy,0.66,24.26
img_6467.npy,0.57,23.00
img_6468.npy,0.68,22.10
img_6469.npy,0.60,24.15
img_647.npy,0.58,23.27
img_6470.npy,0.66,24.07
img_6471.npy,0.64,22.03
img_6472.npy,0.61,24.34
img_6473.npy,0.66,22.27
img_6474.npy,0.60,24.84
img_6475.npy,0.56,23.89
img_6476.npy,0.66,22.10
img_6477.npy,0.80,21.79
img_6478.npy,0.63,24.89
img_6479.npy,0.57,23.54
img_648.npy,0.63,23.78
img_6480.npy,0.57,23.91
img_6481.npy,0.60,24.14
img_6482.npy,0.64,23.69
img_6483.npy,0.59,23.65
img_6484.npy,0.56,24.28
img_6485.npy,0.58,24.44
img_6486.npy,0.59,23.55
img_6487.npy,0.64,24.06
img_6488.npy,0.65,22.86
img_6489.npy,0.61,23.79
img_649.npy,0.69,23.69
img_6490.npy,0.65,22.83
img_6491.npy,0.70,22.73
img_6492.npy,0.58,23.87
img_6493.npy,0.62,24.66
img_6494.npy,0.62,23.32
img_6495.npy,0.68,24.97
img_6496.npy,0.54,23.78
img_6497.npy,0.58,22.71
img_6498.npy,0.58,23.29
img_6499.npy,0.63,23.48
img_65.npy,0.72,24.11
img_650.npy,0.59,24.08
img_6500.npy,0.62,23.61
img_6501.npy,0.57,24.06
img_6502.npy,0.58,23.73
img_6503.npy,0.57,22.66
img_6504.npy,0.69,23.36
img_6505.npy,0.57,23.07
img_6506.npy,0.71,22.12
img_6507.npy,0.61,24.01
img_6508.npy,0.61,25.05
img_6509.npy,0.55,24.53
img_651.npy,0.59,24.36
img_6510.npy,0.68,23.22
img_6511.npy,0.64,22.70
img_6512.npy,0.69,23.63
img_6513.npy,0.64,24.06
img_6514.npy,0.54,22.15
img_6515.npy,0.61,23.57
img_6516.npy,0.57,22.13
img_6517.npy,0.66,22.81
img_6518.npy,0.78,23.14
img_6519.npy,0.62,24.59
img_652.npy,0.66,23.02
img_6520.npy,0.67,22.50
img_6521.npy,0.84,23.65
img_6522.npy,0.91,24.45
img_6523.npy,0.79,24.00
img_6524.npy,0.62,24.37
img_6525.npy,0.60,23.38
img_6526.npy,0.64,22.80
img_6527.npy,0.57,23.74
img_6528.npy,0.62,22.32
img_6529.npy,0.65,23.73
img_653.npy,0.68,24.93
img_6530.npy,0.60,22.24
img_6531.npy,0.66,22.12
img_6532.npy,0.60,24.71
img_6533.npy,0.66,22.98
img_6534.npy,0.64,22.73
img_6535.npy,0.70,23.53
img_6536.npy,0.59,22.78
img_6537.npy,0.63,22.37
img_6538.npy,0.62,24.11
img_6539.npy,0.64,21.70
img_654.npy,0.80,23.30
img_6540.npy,0.55,23.09
img_6541.npy,0.58,24.44
img_6542.npy,0.55,21.77
img_6543.npy,0.61,24.02
img_6544.npy,0.55,23.89
img_6545.npy,0.60,22.50
img_6546.npy,0.58,25.09
img_6547.npy,0.59,24.79
img_6548.npy,0.71,23.32
img_6549.npy,0.61,23.71
img_655.npy,0.60,24.69
img_6550.npy,0.68,22.21
img_6551.npy,0.55,23.20
img_6552.npy,0.56,23.11
img_6553.npy,0.61,23.95
img_6554.npy,0.59,24.55
img_6555.npy,0.55,24.16
img_6556.npy,0.61,22.06
img_6557.npy,0.67,23.84
img_6558.npy,0.66,24.04
img_6559.npy,0.64,21.99
img_656.npy,0.67,23.77
img_6560.npy,0.64,26.25
img_6561.npy,0.53,24.55
img_6562.npy,0.61,23.48
img_6563.npy,0.64,21.86
img_6564.npy,0.54,26.14
img_6565.npy,0.60,22.46
img_6566.npy,0.61,21.27
img_6567.npy,0.64,23.98
img_6568.npy,0.68,22.97
img_6569.npy,0.70,24.80
img_657.npy,0.60,23.93
img_6570.npy,0.65,23.70
img_6571.npy,0.66,24.18
img_6572.npy,0.61,24.07
img_6573.npy,0.61,24.78
img_6574.npy,0.58,24.61
img_6575.npy,0.61,25.00
img_6576.npy,0.59,24.20
img_6577.npy,0.62,23.80
img_6578.npy,0.66,24.18
img_6579.npy,0.59,22.96
img_658.npy,0.63,23.48
img_6580.npy,0.55,22.93
img_6581.npy,0.66,24.29
img_6582.npy,0.68,25.17
img_6583.npy,0.54,23.61
img_6584.npy,0.62,23.99
img_6585.npy,0.60,25.00
img_6586.npy,0.58,22.84
img_6587.npy,0.51,23.87
img_6588.npy,0.68,23.81
img_6589.npy,0.78,23.07
img_659.npy,0.84,23.28
img_6590.npy,0.76,23.54
img_6591.npy,0.66,22.30
img_6592.npy,0.62,22.16
img_6593.npy,0.62,21.40
img_6594.npy,0.69,24.00
img_6595.npy,0.60,23.41
img_6596.npy,0.58,22.12
img_6597.npy,0.60,22.12
img_6598.npy,0.65,24.90
img_6599.npy,0.69,24.20
img_66.npy,0.65,24.38
img_660.npy,0.69,22.33
img_6600.npy,0.70,24.06
img_6601.npy,0.61,22.82
img_6602.npy,0.70,23.61
img_6603.npy,0.65,23.37
img_6604.npy,0.61,22.97
img_6605.npy,0.57,23.18
img_6606.npy,0.60,26.61
img_6607.npy,0.67,23.36
img_6608.npy,0.64,22.25
img_6609.npy,0.72,24.23
img_661.npy,0.61,22.10
img_6610.npy,0.69,23.24
img_6611.npy,0.69,22.77
img_6612.npy,0.63,23.55
img_6613.npy,0.55,23.02
img_6614.npy,0.65,22.10
img_6615.npy,0.52,24.34
img_6616.npy,0.55,21.96
img_6617.npy,0.60,22.98
img_6618.npy,0.68,23.77
img_6619.npy,0.65,23.80
img_662.npy,0.60,22.07
img_6620.npy,0.61,22.62
img_6621.npy,0.69,23.82
img_6622.npy,0.63,24.84
img_6623.npy,0.56,23.32
img_6624.npy,0.62,25.21
img_6625.npy,0.69,22.30
img_6626.npy,0.61,23.55
img_6627.npy,0.59,23.33
img_6628.npy,0.52,23.15
img_6629.npy,0.65,22.30
img_663.npy,0.56,24.50
img_6630.npy,0.63,23.59
img_6631.npy,0.61,23.66
img_6632.npy,0.63,23.60
img_6633.npy,0.52,23.25
img_6634.npy,0.60,23.45
img_6635.npy,0.62,22.36
img_6636.npy,0.69,23.55
img_6637.npy,0.66,22.55
img_6638.npy,0.68,24.86
img_6639.npy,0.67,23.89
img_664.npy,0.58,25.07
img_6640.npy,0.70,25.18
img_6641.npy,0.61,22.05
img_6642.npy,0.71,23.80
img_6643.npy,0.51,21.49
img_6644.npy,0.59,24.18
img_6645.npy,0.60,24.07
img_6646.npy,0.77,24.27
img_6647.npy,0.63,23.91
img_6648.npy,0.67,23.61
img_6649.npy,0.65,22.68
img_665.npy,0.69,24.90
img_6650.npy,0.63,22.25
img_6651.npy,0.69,24.03
img_6652.npy,0.65,22.80
img_6653.npy,0.61,23.94
img_6654.npy,0.80,24.49
img_6655.npy,0.83,23.68
img_6656.npy,0.64,24.72
img_6657.npy,0.67,23.90
img_6658.npy,0.62,24.14
img_6659.npy,0.62,22.46
img_666.npy,0.64,22.27
img_6660.npy,0.61,24.89
img_6661.npy,0.57,22.91
img_6662.npy,0.58,22.20
img_6663.npy,0.57,23.03
img_6664.npy,0.61,24.09
img_6665.npy,0.67,24.78
img_6666.npy,0.62,23.76
img_6667.npy,0.75,24.20
img_6668.npy,0.57,24.22
img_6669.npy,0.55,23.44
img_667.npy,0.73,22.35
img_6670.npy,0.65,24.98
img_6671.npy,0.60,23.02
img_6672.npy,0.64,23.44
img_6673.npy,0.62,23.89
img_6674.npy,0.58,25.17
img_6675.npy,0.62,21.47
img_6676.npy,0.63,24.14
img_6677.npy,0.71,21.82
img_6678.npy,0.68,23.98
img_6679.npy,0.65,24.07
img_668.npy,0.62,22.90
img_6680.npy,0.63,23.75
img_6681.npy,0.63,23.98
img_6682.npy,0.65,25.21
img_6683.npy,0.65,23.33
img_6684.npy,0.59,22.55
img_6685.npy,0.63,24.30
img_6686.npy,0.61,22.55
img_6687.npy,0.60,23.86
img_6688.npy,0.69,23.80
img_6689.npy,0.64,24.34
img_669.npy,0.65,24.05
img_6690.npy,0.63,22.09
img_6691.npy,0.71,22.49
img_6692.npy,0.74,23.86
img_6693.npy,0.54,23.61
img_6694.npy,0.55,22.69
img_6695.npy,0.52,23.86
img_6696.npy,0.61,22.77
img_6697.npy,0.62,23.71
img_6698.npy,0.66,23.19
img_6699.npy,0.62,23.15
img_67.npy,0.64,24.95
img_670.npy,0.71,25.11
img_6700.npy,0.63,23.72
img_6701.npy,0.71,24.09
img_6702.npy,0.61,24.24
img_6703.npy,0.56,24.02
img_6704.npy,0.65,23.27
img_6705.npy,0.61,25.04
img_6706.npy,0.66,24.59
img_6707.npy,0.69,22.35
img_6708.npy,0.78,24.35
img_6709.npy,0.63,23.27
img_671.npy,0.73,25.28
img_6710.npy,0.58,23.70
img_6711.npy,0.69,24.19
img_6712.npy,0.64,23.93
img_6713.npy,0.58,23.60
img_6714.npy,0.60,23.84
img_6715.npy,0.66,23.95
img_6716.npy,0.57,24.26
img_6717.npy,0.64,22.67
img_6718.npy,0.56,22.11
img_6719.npy,0.65,24.01
img_672.npy,0.80,23.61
img_6720.npy,0.91,22.55
img_6721.npy,0.74,22.17
img_6722.npy,0.66,23.34
img_6723.npy,0.61,23.56
img_6724.npy,0.62,24.69
img_6725.npy,0.66,22.73
img_6726.npy,0.63,24.44
img_6727.npy,0.68,23.56
img_6728.npy,0.70,22.67
img_6729.npy,0.70,22.30
img_673.npy,0.65,22.73
img_6730.npy,0.68,22.32
img_6731.npy,0.59,23.10
img_6732.npy,0.68,24.13
img_6733.npy,0.62,23.61
img_6734.npy,0.57,22.40
img_6735.npy,0.53,23.12
img_6736.npy,0.71,23.52
img_6737.npy,0.66,22.58
img_6738.npy,0.53,23.91
img_6739.npy,0.51,24.64
img_674.npy,0.62,24.48
img_6740.npy,0.62,22.96
img_6741.npy,0.56,22.98
img_6742.npy,0.56,22.88
img_6743.npy,0.67,23.57
img_6744.npy,0.63,23.14
img_6745.npy,0.63,24.14
img_6746.npy,0.58,23.53
img_6747.npy,0.62,24.14
img_6748.npy,0.57,23.82
img_6749.npy,0.60,23.30
img_675.npy,0.70,23.03
img_6750.npy,0.72,23.65
img_6751.npy,0.66,23.07
img_6752.npy,0.60,24.44
img_6753.npy,0.58,23.85
img_6754.npy,0.62,23.38
img_6755.npy,0.65,22.57
img_6756.npy,0.58,24.23
img_6757.npy,0.51,22.86
img_6758.npy,0.65,26.31
img_6759.npy,0.61,24.75
img_676.npy,0.68,24.29
img_6760.npy,0.62,21.90
img_6761.npy,0.66,23.40
img_6762.npy,0.63,23.71
img_6763.npy,0.67,23.57
img_6764.npy,0.60,21.14
img_6765.npy,0.72,22.53
img_6766.npy,0.60,23.59
img_6767.npy,0.74,24.86
img_6768.npy,0.62,22.69
img_6769.npy,0.73,22.96
img_677.npy,0.61,22.86
img_6770.npy,0.65,23.26
img_6771.npy,0.61,22.24
img_6772.npy,0.70,22.46
img_6773.npy,0.65,24.14
img_6774.npy,0.65,23.31
img_6775.npy,0.54,22.72
img_6776.npy,0.64,23.57
img_6777.npy,0.60,23.02
img_6778.npy,0.64,23.20
img_6779.npy,0.66,23.18
img_678.npy,0.69,25.17
img_6780.npy,0.63,22.69
img_6781.npy,0.60,23.70
img_6782.npy,0.61,22.20
img_6783.npy,0.62,23.72
img_6784.npy,0.56,22.51
img_6785.npy,0.62,23.39
img_6786.npy,0.93,22.23
img_6787.npy,0.84,23.90
img_6788.npy,0.62,22.56
img_6789.npy,0.59,24.53
img_679.npy,0.56,23.76
img_6790.npy,0.60,22.48
img_6791.npy,0.63,23.77
img_6792.npy,0.63,21.71
img_6793.npy,0.57,21.80
img_6794.npy,0.65,22.96
img_6795.npy,0.64,24.32
img_6796.npy,0.56,21.82
img_6797.npy,0.63,23.21
img_6798.npy,0.71,24.17
img_6799.npy,0.64,24.07
img_68.npy,0.56,23.60
img_680.npy,0.71,24.27
img_6800.npy,0.59,23.82
img_6801.npy,0.61,23.58
img_6802.npy,0.67,23.37
img_6803.npy,0.66,23.70
img_6804.npy,0.61,23.75
img_6805.npy,0.75,25.25
img_6806.npy,0.63,23.97
img_6807.npy,0.64,23.75
img_6808.npy,0.69,22.88
img_6809.npy,0.66,24.16
img_681.npy,0.68,22.94
img_6810.npy,0.61,23.48
img_6811.npy,0.61,24.17
img_6812.npy,0.57,23.73
img_6813.npy,0.64,22.36
img_6814.npy,0.63,23.89
img_6815.npy,0.61,23.13
img_6816.npy,0.64,24.04
img_6817.npy,0.61,22.29
img_6818.npy,0.73,23.57
img_6819.npy,0.60,21.21
img_682.npy,0.67,22.36
img_6820.npy,0.70,23.66
img_6821.npy,0.64,22.09
img_6822.npy,0.62,23.86
img_6823.npy,0.63,22.74
img_6824.npy,0.67,24.36
img_6825.npy,0.62,22.24
img_6826.npy,0.62,24.62
img_6827.npy,0.67,23.06
img_6828.npy,0.66,24.16
img_6829.npy,0.65,24.38
img_683.npy,0.70,24.16
img_6830.npy,0.62,22.75
img_6831.npy,0.67,25.61
img_6832.npy,0.65,23.13
img_6833.npy,0.50,22.69
img_6834.npy,0.54,22.71
img_6835.npy,0.65,24.84
img_6836.npy,0.64,24.27
img_6837.npy,0.59,23.68
img_6838.npy,0.70,24.87
img_6839.npy,0.58,23.11
img_684.npy,0.64,22.89
img_6840.npy,0.68,22.91
img_6841.npy,0.71,23.91
img_6842.npy,0.66,24.91
img_6843.npy,0.55,23.89
img_6844.npy,0.69,22.07
img_6845.npy,0.60,24.28
img_6846.npy,0.64,24.90
img_6847.npy,0.57,26.25
img_6848.npy,0.67,22.32
img_6849.npy,0.67,23.05
img_685.npy,0.65,24.20
img_6850.npy,0.59,24.17
img_6851.npy,0.63,22.71
img_6852.npy,0.60,25.09
img_6853.npy,0.65,24.21
img_6854.npy,0.66,23.90
img_6855.npy,0.72,24.05
img_6856.npy,0.64,24.31
img_6857.npy,0.85,22.82
img_6858.npy,0.59,24.70
img_6859.npy,0.81,22.77
img_686.npy,0.64,23.86
img_6860.npy,0.60,22.09
img_6861.npy,0.64,22.77
img_6862.npy,0.64,23.72
img_6863.npy,0.62,23.83
img_6864.npy,0.67,23.98
img_6865.npy,0.68,23.08
img_6866.npy,0.66,24.80
img_6867.npy,0.64,23.93
img_6868.npy,0.62,23.97
img_6869.npy,0.58,22.18
img_687.npy,0.53,22.61
img_6870.npy,0.60,22.79
img_6871.npy,0.54,21.94
img_6872.npy,0.73,22.18
img_6873.npy,0.67,23.56
img_6874.npy,0.53,22.79
img_6875.npy,0.60,23.91
img_6876.npy,0.62,23.67
img_6877.npy,0.71,22.21
img_6878.npy,0.70,22.56
img_6879.npy,0.72,21.73
img_688.npy,0.69,23.41
img_6880.npy,0.58,24.67
img_6881.npy,0.55,26.59
img_6882.npy,0.68,22.92
img_6883.npy,0.63,24.04
img_6884.npy,0.65,21.87
img_6885.npy,0.62,24.86
img_6886.npy,0.67,23.64
img_6887.npy,0.65,25.80
img_6888.npy,0.63,21.92
img_6889.npy,0.67,22.46
img_689.npy,0.63,23.40
img_6890.npy,0.61,22.64
img_6891.npy,0.56,24.15
img_6892.npy,0.57,24.69
img_6893.npy,0.63,22.57
img_6894.npy,0.64,23.38
img_6895.npy,0.65,24.86
img_6896.npy,0.60,22.64
img_6897.npy,0.63,24.27
img_6898.npy,0.56,24.41
img_6899.npy,0.63,23.59
img_69.npy,0.65,23.00
img_690.npy,0.62,23.12
img_6900.npy,0.62,23.97
img_6901.npy,0.67,24.20
img_6902.npy,0.60,24.06
img_6903.npy,0.62,23.38
img_6904.npy,0.63,22.16
img_6905.npy,0.66,22.59
img_6906.npy,0.62,23.02
img_6907.npy,0.70,23.78
img_6908.npy,0.63,23.73
img_6909.npy,0.63,24.29
img_691.npy,0.55,23.89
img_6910.npy,0.67,22.66
img_6911.npy,0.68,24.58
img_6912.npy,0.60,24.05
img_6913.npy,0.62,22.00
img_6914.npy,0.63,23.92
img_6915.npy,0.60,22.66
img_6916.npy,0.64,25.07
img_6917.npy,0.62,22.69
img_6918.npy,0.68,22.87
img_6919.npy,0.58,23.75
img_692.npy,0.65,22.87
img_6920.npy,0.55,22.95
img_6921.npy,0.54,24.26
img_6922.npy,0.62,24.31
img_6923.npy,0.57,22.54
img_6924.npy,0.62,23.07
img_6925.npy,0.80,23.92
img_6926.npy,0.72,24.11
img_6927.npy,0.69,24.12
img_6928.npy,0.61,21.74
img_6929.npy,0.68,24.87
img_693.npy,0.74,25.04
img_6930.npy,0.63,24.04
img_6931.npy,0.65,22.08
img_6932.npy,0.90,23.13
img_6933.npy,0.88,24.54
img_6934.npy,0.62,22.81
img_6935.npy,0.77,21.76
img_6936.npy,0.70,22.50
img_6937.npy,0.64,24.02
img_6938.npy,0.68,21.51
img_6939.npy,0.73,25.00
img_694.npy,0.66,23.79
img_6940.npy,0.70,23.36
img_6941.npy,0.67,22.34
img_6942.npy,0.57,23.01
img_6943.npy,0.65,23.92
img_6944.npy,0.62,24.06
img_6945.npy,0.64,22.73
img_6946.npy,0.65,24.73
img_6947.npy,0.69,23.92
img_6948.npy,0.64,24.06
img_6949.npy,0.67,23.68
img_695.npy,0.65,24.13
img_6950.npy,0.67,24.79
img_6951.npy,0.59,22.53
img_6952.npy,0.67,23.19
img_6953.npy,0.61,23.68
img_6954.npy,0.65,23.80
img_6955.npy,0.63,25.04
img_6956.npy,0.75,25.11
img_6957.npy,0.68,23.48
img_6958.npy,0.68,23.54
img_6959.npy,0.66,23.62
img_696.npy,0.67,24.27
img_6960.npy,0.66,23.59
img_6961.npy,0.58,23.00
img_6962.npy,0.69,23.51
img_6963.npy,0.67,23.40
img_6964.npy,0.58,24.09
img_6965.npy,0.50,21.66
img_6966.npy,0.69,24.25
img_6967.npy,0.67,23.98
img_6968.npy,0.59,22.72
img_6969.npy,0.61,22.82
img_697.npy,0.69,23.86
img_6970.npy,0.62,24.25
img_6971.npy,0.68,25.19
img_6972.npy,0.61,24.03
img_6973.npy,0.64,23.25
img_6974.npy,0.65,23.85
img_6975.npy,0.60,23.25
img_6976.npy,0.69,23.98
img_6977.npy,0.62,23.85
img_6978.npy,0.64,22.90
img_6979.npy,0.60,23.28
img_698.npy,0.61,22.76
img_6980.npy,0.65,24.34
img_6981.npy,0.58,24.48
img_6982.npy,0.66,23.20
img_6983.npy,0.61,24.31
img_6984.npy,0.67,24.56
img_6985.npy,0.64,24.31
img_6986.npy,0.68,24.33
img_6987.npy,0.66,23.89
img_6988.npy,0.55,23.30
img_6989.npy,0.67,24.32
img_699.npy,0.65,23.19
img_6990.npy,0.64,21.68
img_6991.npy,0.57,22.39
img_6992.npy,0.67,23.84
img_6993.npy,0.63,24.44
img_6994.npy,0.55,22.71
img_6995.npy,0.55,24.71
img_6996.npy,0.63,24.77
img_6997.npy,0.70,23.88
img_6998.npy,0.66,22.82
img_6999.npy,0.67,22.04
img_7.npy,0.62,23.75
img_70.npy,0.60,23.22
img_700.npy,0.58,23.88
img_7000.npy,0.55,21.46
img_7001.npy,0.59,23.99
img_7002.npy,0.53,22.88
img_7003.npy,0.62,24.04
img_7004.npy,0.65,22.22
img_7005.npy,0.62,23.29
img_7006.npy,0.99,23.94
img_7007.npy,0.70,21.40
img_7008.npy,0.78,23.43
img_7009.npy,0.65,23.46
img_701.npy,0.67,23.82
img_7010.npy,0.63,24.57
img_7011.npy,0.64,23.22
img_7012.npy,0.56,24.02
img_7013.npy,0.61,22.54
img_7014.npy,0.60,23.89
img_7015.npy,0.75,24.89
img_7016.npy,0.66,24.86
img_7017.npy,0.69,22.43
img_7018.npy,0.64,21.96
img_7019.npy,0.65,22.62
img_702.npy,0.57,23.37
img_7020.npy,0.63,24.93
img_7021.npy,0.60,24.10
img_7022.npy,0.62,23.68
img_7023.npy,0.67,21.91
img_7024.npy,0.71,23.57
img_7025.npy,0.65,23.11
img_7026.npy,0.66,22.94
img_7027.npy,0.61,22.49
img_7028.npy,0.70,21.98
img_7029.npy,0.63,21.25
img_703.npy,0.65,23.67
img_7030.npy,0.57,22.48
img_7031.npy,0.65,23.91
img_7032.npy,0.55,23.11
img_7033.npy,0.53,22.77
img_7034.npy,0.67,24.47
img_7035.npy,0.69,24.39
img_7036.npy,0.66,23.68
img_7037.npy,0.57,21.91
img_7038.npy,0.66,23.70
img_7039.npy,0.55,25.45
img_704.npy,0.52,22.93
img_7040.npy,0.51,22.89
img_7041.npy,0.57,23.44
img_7042.npy,0.67,23.10
img_7043.npy,0.61,25.09
img_7044.npy,0.59,21.83
img_7045.npy,0.78,25.09
img_7046.npy,0.66,24.20
img_7047.npy,0.65,23.93
img_7048.npy,0.59,22.00
img_7049.npy,0.66,22.76
img_705.npy,0.68,24.06
img_7050.npy,0.63,24.16
img_7051.npy,0.63,22.86
img_7052.npy,0.59,23.30
img_7053.npy,0.58,23.13
img_7054.npy,0.59,22.01
img_7055.npy,0.64,23.17
img_7056.npy,0.68,24.34
img_7057.npy,0.69,22.93
img_7058.npy,0.61,23.12
img_7059.npy,0.73,22.57
img_706.npy,0.62,22.26
img_7060.npy,0.63,23.96
img_7061.npy,0.50,23.52
img_7062.npy,0.68,22.59
img_7063.npy,0.62,24.89
img_7064.npy,0.69,23.65
img_7065.npy,0.60,21.84
img_7066.npy,0.67,22.32
img_7067.npy,0.70,24.71
img_7068.npy,0.64,23.87
img_7069.npy,0.70,22.04
img_707.npy,0.72,23.70
img_7070.npy,0.61,24.95
img_7071.npy,0.59,24.07
img_7072.npy,0.59,22.89
img_7073.npy,0.49,23.74
img_7074.npy,0.58,24.26
img_7075.npy,0.53,23.20
img_7076.npy,0.71,24.82
img_7077.npy,0.66,23.31
img_7078.npy,0.65,23.65
img_7079.npy,0.63,24.37
img_708.npy,0.66,22.85
img_7080.npy,0.73,23.93
img_7081.npy,0.57,23.77
img_7082.npy,0.56,22.84
img_7083.npy,0.61,24.27
img_7084.npy,0.66,24.76
img_7085.npy,0.66,25.29
img_7086.npy,0.59,23.85
img_7087.npy,0.68,23.28
img_7088.npy,0.61,23.91
img_7089.npy,0.58,22.99
img_709.npy,0.55,22.14
img_7090.npy,0.62,25.02
img_7091.npy,0.57,24.49
img_7092.npy,0.58,23.87
img_7093.npy,0.56,22.17
img_7094.npy,0.70,23.75
img_7095.npy,0.64,22.76
img_7096.npy,0.54,24.69
img_7097.npy,0.56,22.31
img_7098.npy,0.66,24.09
img_7099.npy,0.71,24.93
img_71.npy,0.59,22.93
img_710.npy,0.59,23.71
img_7100.npy,0.63,23.13
img_7101.npy,0.60,23.93
img_7102.npy,0.65,24.49
img_7103.npy,0.54,23.17
img_7104.npy,0.66,24.59
img_7105.npy,0.60,24.32
img_7106.npy,0.61,24.50
img_7107.npy,0.65,22.97
img_7108.npy,0.70,22.86
img_7109.npy,0.68,22.74
img_711.npy,0.61,23.84
img_7110.npy,0.66,23.68
img_7111.npy,0.71,23.52
img_7112.npy,0.59,23.12
img_7113.npy,0.64,22.86
img_7114.npy,0.60,23.46
img_7115.npy,0.71,23.94
img_7116.npy,0.64,23.00
img_7117.npy,0.62,23.56
img_7118.npy,0.70,23.70
img_7119.npy,0.67,22.93
img_712.npy,0.65,22.97
img_7120.npy,0.55,23.21
img_7121.npy,0.69,23.29
img_7122.npy,0.56,23.54
img_7123.npy,0.58,24.03
img_7124.npy,0.58,23.69
img_7125.npy,0.62,24.54
img_7126.npy,0.58,24.00
img_7127.npy,0.65,22.51
img_7128.npy,0.67,23.70
img_7129.npy,0.64,23.55
img_713.npy,0.65,23.54
img_7130.npy,0.63,23.61
img_7131.npy,0.58,23.82
img_7132.npy,0.55,23.54
img_7133.npy,0.59,24.53
img_7134.npy,0.60,22.90
img_7135.npy,0.57,22.82
img_7136.npy,0.66,23.81
img_7137.npy,0.69,23.89
img_7138.npy,0.61,23.35
img_7139.npy,0.62,23.04
img_714.npy,0.67,24.70
img_7140.npy,0.64,23.59
img_7141.npy,0.66,23.52
img_7142.npy,0.54,24.26
img_7143.npy,0.61,25.11
img_7144.npy,0.63,24.09
img_7145.npy,0.67,24.48
img_7146.npy,0.64,22.27
img_7147.npy,0.68,22.82
img_7148.npy,0.60,24.61
img_7149.npy,0.59,23.03
img_715.npy,0.66,22.46
img_7150.npy,0.70,24.23
img_7151.npy,0.54,23.44
img_7152.npy,0.57,24.45
img_7153.npy,0.56,21.29
img_7154.npy,0.72,25.16
img_7155.npy,0.84,22.98
img_7156.npy,0.83,22.23
img_7157.npy,0.77,23.16
img_7158.npy,0.61,23.72
img_7159.npy,0.60,24.11
img_716.npy,0.58,22.65
img_7160.npy,0.69,23.74
img_7161.npy,0.69,23.50
img_7162.npy,0.58,24.11
img_7163.npy,0.59,23.94
img_7164.npy,0.66,24.46
img_7165.npy,0.56,22.40
img_7166.npy,0.53,22.83
img_7167.npy,0.75,22.38
img_7168.npy,0.72,24.16
img_7169.npy,0.63,24.05
img_717.npy,0.55,23.64
img_7170.npy,0.59,23.75
img_7171.npy,0.63,24.89
img_7172.npy,0.57,22.05
img_7173.npy,0.56,22.42
img_7174.npy,0.66,22.75
img_7175.npy,0.62,23.06
img_7176.npy,0.61,23.76
img_7177.npy,0.69,24.65
img_7178.npy,0.62,22.74
img_7179.npy,0.58,24.03
img_718.npy,0.64,22.24
img_7180.npy,0.67,23.71
img_7181.npy,0.72,24.24
img_7182.npy,0.69,23.43
img_7183.npy,0.60,23.62
img_7184.npy,0.68,22.83
img_7185.npy,0.60,21.95
img_7186.npy,0.62,23.95
img_7187.npy,0.66,22.66
img_7188.npy,0.57,21.73
img_7189.npy,0.68,24.70
img_719.npy,0.67,25.02
img_7190.npy,0.59,23.95
img_7191.npy,0.53,22.79
img_7192.npy,0.69,23.58
img_7193.npy,0.65,24.64
img_7194.npy,0.61,23.63
img_7195.npy,0.58,23.25
img_7196.npy,0.67,23.07
img_7197.npy,0.55,23.56
img_7198.npy,0.64,24.21
img_7199.npy,0.66,22.86
img_72.npy,0.68,23.64
img_720.npy,0.59,23.88
img_7200.npy,0.75,24.81
img_7201.npy,0.60,23.92
img_7202.npy,0.68,23.91
img_7203.npy,0.63,23.83
img_7204.npy,0.66,22.66
img_7205.npy,0.68,23.82
img_7206.npy,0.70,23.82
img_7207.npy,0.61,23.86
img_7208.npy,0.62,25.04
img_7209.npy,0.59,23.72
img_721.npy,0.68,23.18
img_7210.npy,0.60,23.12
img_7211.npy,0.51,22.64
img_7212.npy,0.63,23.17
img_7213.npy,0.69,23.92
img_7214.npy,0.64,23.24
img_7215.npy,0.66,24.03
img_7216.npy,0.62,23.18
img_7217.npy,0.76,24.51
img_7218.npy,0.67,22.74
img_7219.npy,0.68,23.06
img_722.npy,0.64,23.43
img_7220.npy,0.57,23.51
img_7221.npy,0.62,24.12
img_7222.npy,0.63,23.70
img_7223.npy,0.73,23.48
img_7224.npy,0.63,23.11
img_7225.npy,0.69,23.78
img_7226.npy,0.62,23.08
img_7227.npy,0.97,22.11
img_7228.npy,0.79,23.31
img_7229.npy,0.71,24.96
img_723.npy,0.68,23.99
img_7230.npy,0.60,24.49
img_7231.npy,0.62,24.52
img_7232.npy,0.56,23.96
img_7233.npy,0.59,21.80
img_7234.npy,0.59,22.52
img_7235.npy,0.62,22.38
img_7236.npy,0.64,23.80
img_7237.npy,0.60,22.36
img_7238.npy,0.52,25.09
img_7239.npy,0.53,23.98
img_724.npy,0.60,23.57
img_7240.npy,0.62,22.54
img_7241.npy,0.47,23.59
img_7242.npy,0.53,24.34
img_7243.npy,0.65,23.31
img_7244.npy,0.52,22.72
img_7245.npy,0.73,22.27
img_7246.npy,0.62,23.69
img_7247.npy,0.63,23.69
img_7248.npy,0.58,22.74
img_7249.npy,0.63,23.59
img_725.npy,0.58,23.07
img_7250.npy,0.57,24.20
img_7251.npy,0.57,22.57
img_7252.npy,0.64,21.73
img_7253.npy,0.58,24.09
img_7254.npy,0.51,21.27
img_7255.npy,0.65,25.70
img_7256.npy,0.61,23.88
img_7257.npy,0.66,23.74
img_7258.npy,0.62,23.54
img_7259.npy,0.58,23.89
img_726.npy,0.69,24.08
img_7260.npy,0.60,23.69
img_7261.npy,0.69,23.67
img_7262.npy,0.63,23.14
img_7263.npy,0.63,23.87
img_7264.npy,0.59,23.97
img_7265.npy,0.55,22.62
img_7266.npy,0.73,23.06
img_7267.npy,0.75,25.08
img_7268.npy,0.59,24.11
img_7269.npy,0.59,21.92
img_727.npy,0.72,24.90
img_7270.npy,0.64,24.28
img_7271.npy,0.60,24.00
img_7272.npy,0.56,24.62
img_7273.npy,0.66,23.43
img_7274.npy,0.59,23.05
img_7275.npy,0.61,23.35
img_7276.npy,0.66,24.74
img_7277.npy,0.62,23.53
img_7278.npy,0.73,25.08
img_7279.npy,0.59,22.12
img_728.npy,0.61,24.21
img_7280.npy,0.70,24.19
img_7281.npy,0.65,24.09
img_7282.npy,0.62,23.93
img_7283.npy,0.60,24.12
img_7284.npy,0.70,23.77
img_7285.npy,0.57,23.69
img_7286.npy,0.63,23.63
img_7287.npy,0.66,23.47
img_7288.npy,0.61,23.53
img_7289.npy,0.58,22.47
img_729.npy,0.63,24.14
img_7290.npy,0.65,23.83
img_7291.npy,0.63,22.47
img_7292.npy,0.71,23.66
img_7293.npy,0.58,25.03
img_7294.npy,0.58,24.35
img_7295.npy,0.59,24.50
img_7296.npy,0.79,24.92
img_7297.npy,0.59,23.79
img_7298.npy,0.61,23.36
img_7299.npy,0.64,23.65
img_73.npy,0.66,23.88
img_730.npy,0.67,23.38
img_7300.npy,0.92,22.60
img_7301.npy,0.86,23.30
img_7302.npy,0.63,23.64
img_7303.npy,0.59,23.42
img_7304.npy,0.52,21.95
img_7305.npy,0.63,21.94
img_7306.npy,0.63,22.46
img_7307.npy,0.61,22.49
img_7308.npy,0.71,22.99
img_7309.npy,0.74,22.45
img_731.npy,0.66,23.96
img_7310.npy,0.62,23.78
img_7311.npy,0.66,23.36
img_7312.npy,0.61,23.32
img_7313.npy,0.65,22.55
img_7314.npy,0.60,23.80
img_7315.npy,0.58,22.32
img_7316.npy,0.64,23.43
img_7317.npy,0.66,24.18
img_7318.npy,0.63,24.42
img_7319.npy,0.62,22.26
img_732.npy,0.61,22.25
img_7320.npy,0.60,23.86
img_7321.npy,0.58,23.86
img_7322.npy,0.58,21.41
img_7323.npy,0.63,23.29
img_7324.npy,0.59,24.30
img_7325.npy,0.60,24.23
img_7326.npy,0.62,22.04
img_7327.npy,0.74,24.19
img_7328.npy,0.67,25.07
img_7329.npy,0.58,23.66
img_733.npy,0.66,22.49
img_7330.npy,0.69,23.57
img_7331.npy,0.60,23.88
img_7332.npy,0.57,24.02
img_7333.npy,0.59,21.91
img_7334.npy,0.59,23.48
img_7335.npy,0.61,23.94
img_7336.npy,0.68,24.32
img_7337.npy,0.58,24.57
img_7338.npy,0.69,23.55
img_7339.npy,0.66,22.78
img_734.npy,0.57,24.23
img_7340.npy,0.61,22.44
img_7341.npy,0.71,23.12
img_7342.npy,0.70,24.88
img_7343.npy,0.64,22.41
img_7344.npy,0.60,22.50
img_7345.npy,0.70,23.95
img_7346.npy,0.64,24.12
img_7347.npy,0.56,21.15
img_7348.npy,0.71,21.74
img_7349.npy,0.69,23.86
img_735.npy,0.60,22.67
img_7350.npy,0.57,22.65
img_7351.npy,0.58,23.58
img_7352.npy,0.64,24.06
img_7353.npy,0.55,23.59
img_7354.npy,0.65,24.02
img_7355.npy,0.60,22.36
img_7356.npy,0.68,24.35
img_7357.npy,0.69,23.84
img_7358.npy,0.64,23.44
img_7359.npy,0.70,23.50
img_736.npy,0.69,23.49
img_7360.npy,0.66,23.36
img_7361.npy,0.62,23.28
img_7362.npy,0.60,23.51
img_7363.npy,0.56,23.22
img_7364.npy,0.61,24.09
img_7365.npy,0.61,25.74
img_7366.npy,0.68,23.34
img_7367.npy,0.62,23.61
img_7368.npy,0.61,22.93
img_7369.npy,0.69,21.81
img_737.npy,0.65,23.45
img_7370.npy,0.62,21.92
img_7371.npy,0.70,22.02
img_7372.npy,0.84,25.33
img_7373.npy,0.89,23.51
img_7374.npy,0.63,22.82
img_7375.npy,0.70,24.08
img_7376.npy,0.64,23.05
img_7377.npy,0.63,23.00
img_7378.npy,0.65,24.18
img_7379.npy,0.62,23.59
img_738.npy,0.65,23.83
img_7380.npy,0.72,23.56
img_7381.npy,0.69,23.83
img_7382.npy,0.72,23.41
img_7383.npy,0.60,23.98
img_7384.npy,0.63,24.16
img_7385.npy,0.54,24.20
img_7386.npy,0.62,24.73
img_7387.npy,0.64,23.35
img_7388.npy,0.69,23.50
img_7389.npy,0.66,23.55
img_739.npy,0.63,24.38
img_7390.npy,0.62,23.11
img_7391.npy,0.67,23.41
img_7392.npy,0.72,23.20
img_7393.npy,0.63,21.78
img_7394.npy,0.55,23.69
img_7395.npy,0.68,25.23
img_7396.npy,0.65,23.98
img_7397.npy,0.62,22.71
img_7398.npy,0.70,22.80
img_7399.npy,0.71,24.36
img_74.npy,0.66,23.99
img_740.npy,0.69,24.17
img_7400.npy,0.64,24.72
img_7401.npy,0.72,23.50
img_7402.npy,0.71,22.51
img_7403.npy,0.68,23.91
img_7404.npy,0.54,24.12
img_7405.npy,0.61,24.02
img_7406.npy,0.67,22.20
img_7407.npy,0.58,23.79
img_7408.npy,0.64,22.36
img_7409.npy,0.69,22.75
img_741.npy,0.73,22.20
img_7410.npy,0.67,23.76
img_7411.npy,0.61,22.87
img_7412.npy,0.58,24.37
img_7413.npy,0.69,23.76
img_7414.npy,0.65,24.46
img_7415.npy,0.70,25.15
img_7416.npy,0.67,23.82
img_7417.npy,0.76,24.08
img_7418.npy,0.63,24.39
img_7419.npy,0.63,25.26
img_742.npy,0.57,23.92
img_7420.npy,0.70,24.29
img_7421.npy,0.56,23.55
img_7422.npy,0.61,23.80
img_7423.npy,0.54,24.02
img_7424.npy,0.69,23.86
img_7425.npy,0.74,23.33
img_7426.npy,0.70,23.60
img_7427.npy,0.63,23.39
img_7428.npy,0.68,23.08
img_7429.npy,0.62,24.15
img_743.npy,0.60,23.81
img_7430.npy,0.60,23.13
img_7431.npy,0.63,22.51
img_7432.npy,0.69,25.11
img_7433.npy,0.67,24.42
img_7434.npy,0.57,22.69
img_7435.npy,0.74,23.14
img_7436.npy,0.66,22.79
img_7437.npy,0.69,22.32
img_7438.npy,0.53,22.93
img_7439.npy,0.59,22.98
img_744.npy,0.59,24.20
img_7440.npy,0.60,22.80
img_7441.npy,0.74,23.99
img_7442.npy,0.98,23.11
img_7443.npy,0.72,24.84
img_7444.npy,0.64,22.92
img_7445.npy,0.59,23.17
img_7446.npy,0.59,23.85
img_7447.npy,0.64,23.64
img_7448.npy,0.66,22.85
img_7449.npy,0.70,23.47
img_745.npy,0.57,24.95
img_7450.npy,0.55,23.91
img_7451.npy,0.65,23.38
img_7452.npy,0.60,22.34
img_7453.npy,0.73,23.63
img_7454.npy,0.61,23.54
img_7455.npy,0.67,25.34
img_7456.npy,0.65,23.79
img_7457.npy,0.60,23.67
img_7458.npy,0.65,23.90
img_7459.npy,0.65,24.01
img_746.npy,0.63,22.58
img_7460.npy,0.78,23.88
img_7461.npy,0.62,23.17
img_7462.npy,0.65,22.07
img_7463.npy,0.61,22.14
img_7464.npy,0.60,24.71
img_7465.npy,0.58,23.88
img_7466.npy,0.55,21.96
img_7467.npy,0.63,23.06
img_7468.npy,0.69,23.98
img_7469.npy,0.60,23.09
img_747.npy,0.69,24.68
img_7470.npy,0.67,22.83
img_7471.npy,0.71,23.24
img_7472.npy,0.70,24.78
img_7473.npy,0.52,24.25
img_7474.npy,0.59,24.71
img_7475.npy,0.58,24.91
img_7476.npy,0.65,23.05
img_7477.npy,0.59,23.45
img_7478.npy,0.59,23.73
img_7479.npy,0.64,24.08
img_748.npy,0.70,22.47
img_7480.npy,0.69,24.22
img_7481.npy,0.58,22.76
img_7482.npy,0.66,24.30
img_7483.npy,0.63,22.00
img_7484.npy,0.63,23.17
img_7485.npy,0.72,22.85
img_7486.npy,0.67,22.05
img_7487.npy,0.63,23.65
img_7488.npy,0.70,22.93
img_7489.npy,0.61,23.26
img_749.npy,0.61,24.52
img_7490.npy,0.74,24.32
img_7491.npy,0.66,23.83
img_7492.npy,0.62,21.96
img_7493.npy,0.63,23.10
img_7494.npy,0.64,22.65
img_7495.npy,0.58,21.88
img_7496.npy,0.65,25.08
img_7497.npy,0.67,24.18
img_7498.npy,0.68,21.21
img_7499.npy,0.71,22.93
img_75.npy,0.65,22.53
img_750.npy,0.66,22.92
img_751.npy,0.61,23.11
img_752.npy,0.64,24.16
img_753.npy,0.57,23.23
img_754.npy,0.58,24.11
img_755.npy,0.57,23.79
img_756.npy,0.72,22.93
img_757.npy,0.66,23.28
img_758.npy,0.62,25.21
img_759.npy,0.59,22.37
img_76.npy,0.65,22.36
img_760.npy,0.53,23.33
img_761.npy,0.58,23.07
img_762.npy,0.58,21.77
img_763.npy,0.87,23.36
img_764.npy,0.81,23.52
img_765.npy,0.52,23.00
img_766.npy,0.54,23.46
img_767.npy,0.64,23.98
img_768.npy,0.60,24.63
img_769.npy,0.66,23.48
img_77.npy,0.58,25.83
img_770.npy,0.60,24.25
img_771.npy,0.58,25.02
img_772.npy,0.58,24.25
img_773.npy,0.51,23.58
img_774.npy,0.72,24.02
img_775.npy,0.59,24.30
img_776.npy,0.57,24.26
img_777.npy,0.56,24.38
img_778.npy,0.58,22.65
img_779.npy,0.56,23.01
img_78.npy,0.59,22.20
img_780.npy,0.65,24.00
img_781.npy,0.73,24.15
img_782.npy,0.63,24.14
img_783.npy,0.58,24.16
img_784.npy,0.56,23.95
img_785.npy,0.60,22.21
img_786.npy,0.55,24.11
img_787.npy,0.58,24.68
img_788.npy,0.60,25.04
img_789.npy,0.72,22.37
img_79.npy,0.56,22.24
img_790.npy,0.58,25.24
img_791.npy,0.67,23.24
img_792.npy,0.74,23.46
img_793.npy,0.72,24.25
img_794.npy,0.59,22.27
img_795.npy,0.56,26.65
img_796.npy,0.66,23.96
img_797.npy,0.59,22.96
img_798.npy,0.69,24.23
img_799.npy,0.59,22.49
img_8.npy,0.61,22.88
img_80.npy,0.63,23.89
img_800.npy,0.62,25.50
img_801.npy,0.56,22.68
img_802.npy,0.68,22.24
img_803.npy,0.60,23.61
img_804.npy,0.61,23.21
img_805.npy,0.55,23.58
img_806.npy,0.58,23.84
img_807.npy,0.60,23.91
img_808.npy,0.55,23.17
img_809.npy,0.65,22.86
img_81.npy,0.60,24.00
img_810.npy,0.57,23.98
img_811.npy,0.60,24.11
img_812.npy,0.56,23.88
img_813.npy,0.61,24.92
img_814.npy,0.59,24.25
img_815.npy,0.66,24.07
img_816.npy,0.58,24.05
img_817.npy,0.63,22.48
img_818.npy,0.56,21.64
img_819.npy,0.58,22.91
img_82.npy,0.61,23.92
img_820.npy,0.62,22.86
img_821.npy,0.60,21.84
img_822.npy,0.60,23.31
img_823.npy,0.55,23.71
img_824.npy,0.70,23.63
img_825.npy,0.68,23.45
img_826.npy,0.76,24.54
img_827.npy,0.70,23.96
img_828.npy,0.78,24.37
img_829.npy,0.76,24.65
img_83.npy,0.66,24.41
img_830.npy,0.81,24.59
img_831.npy,0.70,24.48
img_832.npy,0.65,23.88
img_833.npy,0.68,24.09
img_834.npy,0.74,22.18
img_835.npy,1.05,22.09
img_836.npy,0.80,21.41
img_837.npy,0.69,23.88
img_838.npy,0.72,24.41
img_839.npy,0.80,23.57
img_84.npy,0.74,23.72
img_840.npy,0.77,24.39
img_841.npy,0.68,22.75
img_842.npy,0.80,23.82
img_843.npy,0.82,23.81
img_844.npy,0.78,24.19
img_845.npy,0.82,24.01
img_846.npy,0.62,24.16
img_847.npy,0.69,23.26
img_848.npy,0.61,24.52
img_849.npy,0.70,21.70
img_85.npy,0.62,24.05
img_850.npy,0.60,24.81
img_851.npy,0.53,24.77
img_852.npy,0.59,22.66
img_853.npy,0.55,23.25
img_854.npy,0.72,25.48
img_855.npy,0.58,23.38
img_856.npy,0.73,24.71
img_857.npy,0.61,24.50
img_858.npy,0.61,22.88
img_859.npy,0.53,23.79
img_86.npy,0.68,24.77
img_860.npy,0.56,24.02
img_861.npy,0.60,23.74
img_862.npy,0.64,23.94
img_863.npy,0.55,23.92
img_864.npy,0.52,23.57
img_865.npy,0.58,24.65
img_866.npy,0.61,23.40
img_867.npy,0.66,23.37
img_868.npy,0.56,23.70
img_869.npy,0.55,23.59
img_87.npy,0.61,22.06
img_870.npy,0.78,24.83
img_871.npy,0.71,24.84
img_872.npy,0.63,24.01
img_873.npy,0.63,23.35
img_874.npy,0.56,24.65
img_875.npy,0.59,24.45
img_876.npy,0.60,24.34
img_877.npy,0.59,23.91
img_878.npy,0.64,24.79
img_879.npy,0.60,24.26
img_88.npy,0.62,24.22
img_880.npy,0.69,24.16
img_881.npy,0.66,24.23
img_882.npy,0.57,24.79
img_883.npy,0.54,22.47
img_884.npy,0.62,23.02
img_885.npy,0.59,24.19
img_886.npy,0.62,24.95
img_887.npy,0.61,22.18
img_888.npy,0.71,24.76
img_889.npy,0.57,26.20
img_89.npy,0.59,24.19
img_890.npy,0.60,23.64
img_891.npy,0.57,24.00
img_892.npy,0.66,24.07
img_893.npy,0.52,24.04
img_894.npy,0.56,24.46
img_895.npy,0.63,22.42
img_896.npy,0.78,23.18
img_897.npy,0.64,24.16
img_898.npy,0.63,24.98
img_899.npy,0.67,23.97
img_9.npy,0.55,22.91
img_90.npy,0.72,23.26
img_900.npy,0.59,23.20
img_901.npy,0.62,22.47
img_902.npy,0.53,24.46
img_903.npy,0.58,23.79
img_904.npy,0.87,23.58
img_905.npy,0.93,24.90
img_906.npy,0.68,23.55
img_907.npy,0.58,22.60
img_908.npy,0.59,22.68
img_909.npy,0.61,23.84
img_91.npy,0.59,24.41
img_910.npy,0.53,23.06
img_911.npy,0.57,23.88
img_912.npy,0.65,23.82
img_913.npy,0.56,23.85
img_914.npy,0.49,23.83
img_915.npy,0.62,23.42
img_916.npy,0.60,22.39
img_917.npy,0.58,23.28
img_918.npy,0.60,22.10
img_919.npy,0.70,24.11
img_92.npy,0.60,22.57
img_920.npy,0.63,23.87
img_921.npy,0.54,22.76
img_922.npy,0.62,24.67
img_923.npy,0.63,23.62
img_924.npy,0.61,23.21
img_925.npy,0.61,24.41
img_926.npy,0.59,22.89
img_927.npy,0.63,22.54
img_928.npy,0.56,23.42
img_929.npy,0.68,24.42
img_93.npy,0.69,24.82
img_930.npy,0.75,23.75
img_931.npy,0.63,22.27
img_932.npy,0.65,22.95
img_933.npy,0.60,23.60
img_934.npy,0.68,23.82
img_935.npy,0.60,22.73
img_936.npy,0.58,24.22
img_937.npy,0.63,24.83
img_938.npy,0.64,23.64
img_939.npy,0.60,24.18
img_94.npy,0.59,23.94
img_940.npy,0.53,22.34
img_941.npy,0.61,23.85
img_942.npy,0.62,24.90
img_943.npy,0.59,23.95
img_944.npy,0.50,23.68
img_945.npy,0.53,23.33
img_946.npy,0.60,22.83
img_947.npy,0.57,23.14
img_948.npy,0.65,24.22
img_949.npy,0.60,22.85
img_95.npy,0.59,24.14
img_950.npy,0.63,23.30
img_951.npy,0.67,23.60
img_952.npy,0.55,24.04
img_953.npy,0.59,22.89
img_954.npy,0.61,24.00
img_955.npy,0.57,22.87
img_956.npy,0.56,22.00
img_957.npy,0.59,24.21
img_958.npy,0.56,23.34
img_959.npy,0.61,24.86
img_96.npy,0.53,22.66
img_960.npy,0.68,22.52
img_961.npy,0.62,23.52
img_962.npy,0.60,24.01
img_963.npy,0.64,23.30
img_964.npy,0.62,22.79
img_965.npy,0.59,24.14
img_966.npy,0.52,22.04
img_967.npy,0.59,22.37
img_968.npy,0.61,23.86
img_969.npy,0.68,24.78
img_97.npy,0.55,23.78
img_970.npy,0.61,22.86
img_971.npy,0.59,24.03
img_972.npy,0.58,25.14
img_973.npy,0.55,24.06
img_974.npy,0.61,22.56
img_975.npy,0.62,23.72
img_976.npy,0.57,24.44
img_977.npy,0.66,24.53
img_978.npy,0.83,21.77
img_979.npy,0.82,23.28
img_98.npy,0.71,23.32
img_980.npy,0.62,23.58
img_981.npy,0.61,23.48
img_982.npy,0.65,23.85
img_983.npy,0.63,23.95
img_984.npy,0.57,25.29
img_985.npy,0.50,23.66
img_986.npy,0.56,24.56
img_987.npy,0.54,23.99
img_988.npy,0.61,23.86
img_989.npy,0.65,24.28
img_99.npy,0.53,24.23
img_990.npy,0.48,23.65
img_991.npy,0.56,24.08
img_992.npy,0.59,24.17
img_993.npy,0.60,24.33
img_994.npy,0.56,24.23
img_995.npy,0.54,23.93
img_996.npy,0.59,24.69
img_997.npy,0.52,24.09
img_998.npy,0.52,24.23
img_999.npy,0.52,23.70
